# Time (s), X (m), Y (m), Z (m), Vx (m/s), Vy (m/s), Vz (m/s), e0, e1, e2, e3, ω1 (rad/s), ω2 (rad/s), ω3 (rad/s), Ax (m/s2), Ay (m/s2), Az (m/s2), α1 (rad/s2), α2 (rad/s2), α3 (rad/s2), R1 (N), R2 (N), R3 (N), M1 (Nm), M2 (Nm), Aerodynamic Spin Moment (N m), Pressure (Pa), Density (kg/m³), Dynamic Viscosity (Pa s), Speed of Sound (m/s), Wind Velocity X (East) (m/s), Wind Velocity Y (North) (m/s), Speed - Velocity Magnitude (m/s), Acceleration Magnitude (m/s²), (((Vx (m/s)**2) + (Vy (m/s)**2))**0.5), Path Angle (°), Latitude (°), Longitude (°), (((Vx (m/s)**2) + (Vy (m/s)**2))**0.5), Spin Angle - φ (°), Dynamic Pressure (Pa), Aerodynamic Lift Force (N), Aerodynamic Drag Force (N), Rotational Kinetic Energy (J), Kinetic Energy (J), ((Scalar*9.80665)*Z (m)), Total Mechanical Energy (J), Thrust Power (W), Drag Power (W)
0.000000,0.000000,0.000000,1400.000000,0.000000,0.000000,0.000000,0.704416,-0.061628,0.061628,-0.704416,0.000000,0.000000,0.000000,0.000000,0.000000,0.000000,0.000000,0.000000,0.000000,-45.263269,1158.966077,-40.451628,1184.090786,46.244511,0.000000,85598.771785,0.993995,0.000018,347.220687,130.000000,5.000000,0.000000,0.000000,0.000000,0.000000,32.990254,-106.974998,0.000000,0.000000,8411.686277,1159.849616,40.451628,0.000000,0.000000,177875.731651,177875.731651,0.000000,-0.000000
0.600000,1.416910,-0.122442,1425.602903,-23.452979,-1.382857,67.610389,0.404797,0.601661,-0.554021,-0.408916,0.113930,0.005388,0.000000,-183.188889,-6.119691,-149.426040,-105.084213,-4.104378,0.000000,33.294097,-852.499946,-67.269728,-844.539857,-32.986080,0.000000,85330.804141,0.990884,0.000018,347.220687,130.000000,5.000000,71.575961,236.480905,23.493706,70.838315,32.990253,-106.974975,23.493706,-182.650590,13951.505345,853.149315,67.269728,0.055936,31448.717957,171639.362327,203088.080285,198432.666125,-4814.894901
1.200000,-43.188236,-2.188088,1472.409727,-111.758802,-5.009337,92.274344,0.623956,0.345061,-0.315098,-0.626359,-0.000366,-0.000012,0.000000,-35.537342,-2.020143,83.850702,84.210195,3.285256,0.000000,-26.025027,667.093025,-169.011004,647.582426,25.263856,0.000000,84842.666066,0.985215,0.000018,347.220687,130.000000,5.000000,145.016130,91.092522,111.871011,39.516767,32.990234,-106.975713,111.871011,-182.708902,33035.284437,667.601887,169.011004,0.001533,122425.595797,168119.833611,290545.429408,162567.579662,-24509.321415
1.800000,-123.065478,-5.726865,1531.161823,-155.355268,-6.814848,102.615912,0.592740,0.400085,-0.366130,-0.595433,-0.192643,-0.007511,0.000000,-61.058418,-2.780061,48.603850,40.588113,1.582719,0.000000,-12.387747,317.677976,-252.459961,304.548803,11.875776,0.000000,84233.156222,0.978138,0.000018,347.220687,130.000000,5.000000,186.310834,78.090862,155.504667,33.420405,32.990202,-106.977036,155.504667,-182.667297,45041.886276,317.919424,252.459961,0.139535,196580.496850,170073.113638,366653.610489,214993.525762,-47036.025997
2.400000,-229.069196,-10.347031,1595.744773,-196.621225,-8.529264,112.058619,0.573254,0.429668,-0.393556,-0.576092,0.646593,0.025426,0.000000,-61.239776,-2.515593,8.511185,-3.799341,-0.145204,0.000000,0.982101,-25.810435,-453.540660,-27.762756,-1.061046,0.000000,83567.251448,0.970405,0.000018,347.220687,130.000000,5.000000,226.472489,61.879550,196.806134,29.656572,32.990161,-106.978791,196.806134,-182.653247,57943.651257,25.837248,453.540660,1.529303,282316.135383,172272.732457,454588.867840,262124.063568,-102714.482333
3.000000,-356.709095,-15.862706,1664.145160,-226.774868,-9.773340,115.559288,0.571042,0.432898,-0.396493,-0.573853,-0.149693,-0.005678,0.000000,-40.799733,-1.704652,5.524818,2.717088,0.105423,0.000000,-0.783847,20.179839,-616.504749,19.313543,0.749363,0.000000,82866.640335,0.962269,0.000018,347.220687,130.000000,5.000000,254.708280,41.207363,226.985371,26.980852,32.990111,-106.980904,226.985371,-182.653975,67772.863422,20.503709,616.504749,0.079719,347315.516787,174734.973065,522050.489852,275856.517594,-157028.864447
3.600000,-499.387078,-22.001210,1733.920792,-247.538426,-10.634115,116.390166,0.567124,0.438474,-0.401617,-0.569928,-0.001358,0.000125,0.000000,15.001831,0.628406,-15.468367,-1.344742,-0.052827,0.000000,0.406110,-10.370791,-662.357175,-9.094863,-0.357283,0.000000,82156.851150,0.954027,0.000018,347.220687,130.000000,5.000000,273.742630,48.167786,247.766739,25.162121,32.990056,-106.983267,247.766739,-182.653407,74569.778907,10.378739,662.357175,0.000006,390530.142530,177235.051199,567765.193729,265295.411332,-181315.395079
4.200000,-637.126340,-27.935140,1798.732478,-212.717626,-9.192236,100.079305,0.564337,0.442394,-0.405201,-0.567122,0.042184,0.001842,0.000000,50.362340,2.085913,-24.509946,-0.024532,-0.000800,0.000000,-0.006126,0.092381,-525.060819,-0.161913,-0.005279,0.000000,81501.975262,0.946422,0.000018,347.220687,130.000000,5.000000,235.264007,56.048673,212.916147,25.175445,32.990003,-106.985547,212.916147,-182.653613,60416.128316,0.054978,525.060819,0.005995,281342.520262,179325.327860,460667.848122,193489.413089,-123527.911751
4.800000,-756.897502,-33.124944,1854.758845,-188.228832,-8.177953,87.240460,0.560797,0.447286,-0.409682,-0.563566,0.023986,0.001143,0.000000,33.083281,1.370337,-18.897633,-0.045156,-0.001791,0.000000,0.006813,-0.201459,-343.368708,-0.298029,-0.011821,0.000000,80939.280967,0.939888,0.000018,347.220687,130.000000,5.000000,207.624348,38.124819,188.406402,24.846214,32.989956,-106.987531,188.406402,-182.653594,51249.352080,0.137343,343.368708,0.001905,215766.161030,182081.107388,397847.268417,46963.654625,-71291.704356
5.400000,-864.510073,-37.811211,1903.914563,-171.262522,-7.475336,76.870766,0.557026,0.452408,-0.414373,-0.559775,0.030444,0.001409,0.000000,25.256207,1.045725,-16.203630,0.043944,0.001726,0.000000,-0.021404,0.513887,-260.745992,0.290033,0.011388,0.000000,80448.185825,0.934185,0.000018,347.220687,130.000000,5.000000,187.871889,30.025441,171.425588,24.152447,32.989914,-106.989312,171.425588,-182.653609,45225.719516,0.510814,260.745992,0.003065,176479.236950,186710.237487,363189.474437,0.000001,-48986.843231
6.000000,-962.967788,-42.118342,1947.205319,-157.307427,-6.897416,67.572071,0.552916,0.457884,-0.419389,-0.555646,0.034044,0.001563,0.000000,21.453108,0.888421,-14.833431,0.004232,0.000171,0.000000,-0.009792,0.217175,-220.519994,0.027928,0.001128,0.000000,80017.685919,0.929186,0.000018,347.220687,130.000000,5.000000,171.345224,26.097046,157.458569,23.226199,32.989875,-106.990943,157.458569,-182.653599,40537.192281,0.217973,220.519994,0.003833,146795.932691,190955.610373,337751.543064,-0.000000,-37785.047832
6.600000,-1053.676989,-46.104580,1985.145970,-145.347373,-6.402178,59.005522,0.548529,0.463617,-0.424639,-0.551235,0.034621,0.001506,0.000000,18.534346,0.766825,-13.775510,-0.016416,-0.001727,0.000000,0.005573,0.051510,-189.699773,-0.108345,-0.011395,0.000000,79641.925127,0.924823,0.000018,347.220687,130.000000,5.000000,156.998403,23.105728,145.488305,22.075941,32.989839,-106.992445,145.488305,-182.653631,36728.343617,0.051813,189.699773,0.003963,123242.496185,194676.317270,317918.813455,-0.000000,-29782.561396
7.200000,-1137.681761,-49.813170,2018.122861,-134.833995,-5.966710,50.990649,0.543886,0.469558,-0.430079,-0.546569,0.036382,0.001692,0.000000,16.777302,0.693390,-13.017569,0.005636,-0.001675,0.000000,0.004642,0.222446,-170.958074,0.037198,-0.011052,0.000000,79316.486813,0.921044,0.000018,347.220687,130.000000,5.000000,144.277005,21.246547,134.965951,20.696755,32.989805,-106.993835,134.965951,-182.653649,33552.412762,0.222506,170.958074,0.004378,104079.274991,197910.245575,301989.520566,-0.000000,-24665.318791
7.800000,-1215.640092,-53.271364,2046.409920,-125.152802,-5.565708,43.359175,0.538956,0.475728,-0.435734,-0.541617,0.036767,0.001815,0.000000,15.521709,0.642916,-12.413253,0.022110,0.001130,0.000000,-0.017327,0.344813,-157.520989,0.145928,0.007461,0.000000,79038.189710,0.917812,0.000018,347.220687,130.000000,5.000000,132.567790,19.885312,125.276498,19.091137,32.989774,-106.995126,125.276498,-182.653578,30790.123943,0.345250,157.520989,0.004472,87871.098848,200684.258398,288555.357246,0.000000,-20882.209294
8.400000,-1288.007128,-56.498003,2070.221372,-116.182222,-5.194371,36.064298,0.533696,0.482165,-0.441630,-0.536332,0.038666,0.001684,0.000000,14.401331,0.597295,-11.916674,-0.020347,0.000326,0.000000,-0.010150,0.016219,-145.672942,-0.134287,0.002152,0.000000,78804.538445,0.915099,0.000018,347.220687,130.000000,5.000000,121.761751,18.701931,116.298282,17.228754,32.989745,-106.996325,116.298282,-182.653564,28372.756860,0.018039,145.672942,0.004943,74129.624511,203019.364217,277148.988728,-0.000000,-17737.392419
9.000000,-1355.185472,-59.509757,2089.747039,-107.850785,-4.849210,29.069503,0.528200,0.488738,-0.447647,-0.530806,0.040843,0.001961,0.000000,13.334120,0.551281,-11.408065,0.018055,-0.000453,0.000000,-0.004985,0.318569,-134.411697,0.119162,-0.002988,0.000000,78613.359343,0.912879,0.000018,347.220687,130.000000,5.000000,111.804932,17.556954,107.959746,15.070179,32.989718,-106.997437,107.959746,-182.653617,26252.135083,0.318608,134.411697,0.005518,62501.719298,204934.177991,267435.897289,0.000000,-15027.890535
9.600000,-1417.561446,-62.322640,2105.160273,-100.173361,-4.531369,22.351310,0.522341,0.495569,-0.453908,-0.524921,0.041717,0.001861,0.000000,12.287045,0.509665,-10.994187,-0.012307,0.000573,0.000000,-0.012290,0.078489,-123.547697,-0.081225,0.003783,0.000000,78462.711154,0.911130,0.000018,347.220687,130.000000,5.000000,102.736638,16.495556,100.275798,12.565719,32.989693,-106.998470,100.275798,-182.653572,24404.699823,0.079416,123.547697,0.005754,52774.089432,206445.699874,259219.789306,-0.000000,-12692.875007
10.200000,-1475.509224,-64.952130,2116.617763,-93.075265,-4.237273,15.878336,0.516238,0.502512,-0.460265,-0.518787,0.043159,0.002119,0.000000,11.395323,0.471719,-10.587545,0.021003,0.000656,0.000000,-0.013735,0.339629,-114.316902,0.138623,0.004333,0.000000,78350.877742,0.909831,0.000018,347.220687,130.000000,5.000000,94.514978,15.561876,93.171667,9.671444,32.989669,-106.999429,93.171667,-182.653589,22791.276233,0.339907,114.316902,0.006162,44665.411270,207569.295900,252234.707170,0.000000,-10804.659481
10.800000,-1529.351439,-67.411596,2124.257758,-86.476165,-3.964131,9.622267,0.509775,0.509675,-0.466824,-0.512290,0.045855,0.002043,0.000000,10.620157,0.439310,-10.268435,-0.006487,-0.000948,0.000000,-0.000569,0.128982,-106.392183,-0.042814,-0.006255,0.000000,78276.377614,0.908966,0.000018,347.220687,130.000000,5.000000,87.100111,14.779089,86.566976,6.342620,32.989647,-107.000321,86.566976,-182.653599,21376.547121,0.128984,106.392183,0.006953,37932.153977,208318.523421,246250.677398,-0.000000,-9266.770969
11.400000,-1579.367366,-69.712612,2128.202247,-80.311113,-3.708724,3.556435,0.503040,0.516932,-0.473476,-0.505526,0.045514,0.002158,0.000000,9.944561,0.412556,-9.955806,0.005964,0.001235,0.000000,-0.017947,0.220373,-99.541700,0.039364,0.008154,0.000000,78237.936049,0.908519,0.000018,347.220687,130.000000,5.000000,80.475324,14.077733,80.396701,2.532889,32.989626,-107.001149,80.396701,-182.653583,20132.452693,0.221106,99.541700,0.006851,32381.395709,208705.345641,241086.741350,-0.000000,-8010.650546
12.000000,-1625.799310,-71.865192,2128.559414,-74.525934,-3.469174,-2.333494,0.496007,0.524312,-0.480231,-0.498453,0.048509,0.002253,0.000000,9.353426,0.386539,-9.679149,0.007708,-0.000738,0.000000,-0.002538,0.240595,-93.622123,0.050870,-0.004869,0.000000,78234.455979,0.908479,0.000018,347.220687,130.000000,5.000000,74.643119,13.465583,74.606635,-1.791473,32.989607,-107.001918,74.606635,-182.653584,19036.283623,0.240608,93.622123,0.007782,27857.983742,208740.371802,236598.355544,0.000000,-6988.247241
12.600000,-1668.863512,-73.878317,2125.431422,-69.073447,-3.243419,-8.067483,0.488650,0.531807,-0.487098,-0.491062,0.049290,0.002230,0.000000,8.832114,0.365771,-9.438085,-0.005843,-0.000236,0.000000,-0.006222,0.132057,-88.473222,-0.038563,-0.001556,0.000000,78264.937909,0.908833,0.000018,347.220687,130.000000,5.000000,69.618569,12.931260,69.149555,-6.654453,32.989588,-107.002631,69.149555,-182.653588,18069.088927,0.132181,88.473222,0.008034,24233.733882,208433.620557,232667.354439,0.000000,-6159.379132
13.200000,-1708.745812,-75.759670,2118.907158,-62.360617,-2.965396,-13.531125,0.481054,0.539320,-0.493982,-0.483432,0.049639,0.002295,0.000000,3860.170205,159.842291,302.949848,-0.021388,-0.002858,0.000000,89048.348499,3686.447039,6904.157732,-0.141160,-0.018863,0.000000,78328.547068,0.909572,0.000018,347.220687,130.000000,5.000000,63.882487,3855.224411,62.431083,-12.240366,32.989571,-107.003291,62.431083,-182.653604,16940.070309,89123.691345,-6904.157732,0.008149,20400.545891,207793.808848,228194.354738,-0.000000,447096.728067
13.800000,-1699.030095,-75.587221,2113.455806,67.205482,2.399773,-6.146315,0.480233,0.540120,-0.494714,-0.482606,0.049660,0.002334,0.000000,78.915893,3.267789,3.438720,-0.000000,-0.000000,0.000000,1804.608948,74.726149,176.634911,-0.000000,-0.000000,0.000000,78381.727830,0.910189,0.000018,347.220687,130.000000,5.000000,67.528606,79.058342,67.248314,-5.222143,32.989573,-107.003130,67.248314,-182.653601,1814.771979,1806.155434,-176.634911,0.008156,22800.527443,207259.213847,230059.741290,0.000000,11927.962108
14.400000,-1649.096606,-73.749413,2110.062627,94.246220,3.519490,-5.516325,0.480233,0.540120,-0.494714,-0.482606,0.049660,0.002334,0.000000,25.767867,1.067009,-0.308903,0.000000,0.000000,0.000000,589.386707,24.405619,90.934485,0.000000,0.000000,0.000000,78414.844815,0.910574,0.000018,347.220687,130.000000,5.000000,94.473100,25.791799,94.311912,-3.347427,32.989590,-107.002303,94.311912,-182.653601,596.859614,589.891790,-90.934485,0.008156,44625.832155,206926.456593,251552.288748,-0.000000,8590.868694
15.000000,-1588.912525,-71.487144,2106.627494,105.094861,3.968716,-6.021831,0.480233,0.540120,-0.494714,-0.482606,0.049660,0.002334,0.000000,12.714857,0.526503,-1.209174,0.000000,0.000000,0.000000,290.896082,12.045570,70.335996,0.000000,0.000000,0.000000,78448.382794,0.910963,0.000018,347.220687,130.000000,5.000000,105.342029,12.783070,105.169770,-3.277074,32.989610,-107.001307,105.169770,-182.653601,299.520912,291.145370,-70.335996,0.008156,55484.721661,206589.585179,262074.306840,-0.000000,7409.337062
15.600000,-1523.933603,-69.026327,2102.773113,111.001477,4.213300,-6.856950,0.480233,0.540120,-0.494714,-0.482606,0.049660,0.002334,0.000000,7.647051,0.316653,-1.522376,-0.000000,-0.000000,0.000000,174.999853,7.246481,63.161004,-0.000000,-0.000000,0.000000,78486.027822,0.911400,0.000018,347.220687,130.000000,5.000000,111.292846,7.803543,111.081410,-3.532332,32.989632,-107.000231,111.081410,-182.653601,186.190146,175.149822,-63.161004,0.008156,61930.494697,206211.599503,268142.094200,0.000000,7029.368151
16.200000,-1456.127787,-66.448453,2098.376874,114.774614,4.369540,-7.806649,0.480233,0.540120,-0.494714,-0.482606,0.049660,0.002334,0.000000,5.192247,0.215003,-1.618766,-0.000000,-0.000000,0.000000,118.859206,4.921781,60.943736,-0.000000,-0.000000,0.000000,78528.982927,0.911899,0.000018,347.220687,130.000000,5.000000,115.122755,5.442983,114.857760,-3.888298,32.989656,-106.999108,114.857760,-182.653601,133.663288,118.961064,-60.943736,0.008156,66266.252008,205780.475752,272046.727760,0.000000,7016.010752
16.800000,-1386.421034,-63.791864,2093.401280,117.445834,4.480151,-8.776676,0.480233,0.540120,-0.494714,-0.482606,0.049660,0.002334,0.000000,3.833470,0.158738,-1.599535,-0.000000,-0.000000,0.000000,87.785137,3.635051,61.371190,-0.000000,-0.000000,0.000000,78577.621810,0.912464,0.000018,347.220687,130.000000,5.000000,117.858499,4.156822,117.531254,-4.270650,32.989680,-106.997953,117.531254,-182.653601,107.172087,87.860366,-61.371190,0.008156,69453.134658,205292.536591,274745.671249,0.000000,7233.116835
17.400000,-1315.318999,-61.077498,2087.852051,119.478416,4.564317,-9.711209,0.480233,0.540120,-0.494714,-0.482606,0.049660,0.002334,0.000000,3.003711,0.124379,-1.505506,-0.000000,-0.000000,0.000000,68.810710,2.849348,63.511008,-0.000000,-0.000000,0.000000,78631.897019,0.913094,0.000018,347.220687,130.000000,5.000000,119.959295,3.362185,119.565568,-4.643416,32.989704,-106.996776,119.565568,-182.653601,93.683911,68.869678,-63.511008,0.008156,71951.170050,204748.343149,276699.513200,0.000000,7618.736117
18.000000,-1243.127496,-58.318019,2081.762336,121.104823,4.631664,-10.573473,0.480233,0.540120,-0.494714,-0.482606,0.049660,0.002334,0.000000,2.451145,0.101498,-1.362437,-0.000000,-0.000000,0.000000,56.176186,2.326172,66.775185,-0.000000,-0.000000,0.000000,78691.493484,0.913786,0.000018,347.220687,130.000000,5.000000,121.653725,2.806180,121.193359,-4.986125,32.989729,-106.995581,121.193359,-182.653601,87.293196,56.224327,-66.775185,0.008156,73998.151934,204151.146075,278149.298008,0.000000,8123.449953
18.600000,-1170.049076,-55.521815,2075.182961,122.449972,4.687365,-11.340650,0.480233,0.540120,-0.494714,-0.482606,0.049660,0.002334,0.000000,2.051850,0.084964,-1.191994,0.000000,0.000000,0.000000,47.046720,1.948134,70.668858,0.000000,0.000000,0.000000,78755.923054,0.914534,0.000018,347.220687,130.000000,5.000000,123.063306,2.374471,122.539655,-5.287480,32.989754,-106.994370,122.539655,-182.653601,84.918783,47.087037,-70.668858,0.008156,75722.886251,203505.929861,279228.816112,-0.000000,8696.746485
19.200000,-1096.229333,-52.694913,2068.174745,123.584554,4.734346,-12.002083,0.480233,0.540120,-0.494714,-0.482606,0.049660,0.002334,0.000000,1.742165,0.072140,-1.012704,-0.000000,-0.000000,0.000000,39.965614,1.654916,74.768357,-0.000000,-0.000000,0.000000,78824.599099,0.915332,0.000018,347.220687,130.000000,5.000000,124.256211,2.016411,123.675204,-5.542923,32.989780,-106.993148,123.675204,-182.653601,84.795535,39.999863,-74.768357,0.008156,77198.036579,202818.658634,280016.695213,0.000000,9290.433184
19.800000,-1021.780962,-49.841980,2060.801786,124.551487,4.774385,-12.556965,0.480233,0.540120,-0.494714,-0.482606,0.049660,0.002334,0.000000,1.488690,0.061644,-0.838842,0.000000,0.000000,0.000000,34.168516,1.414867,78.746840,0.000000,0.000000,0.000000,78896.901730,0.916172,0.000018,347.220687,130.000000,5.000000,125.273880,1.709869,124.642961,-5.752766,32.989805,-106.991916,124.642961,-182.653601,85.851913,34.197797,-78.746840,0.008156,78467.732848,202095.618320,280563.351168,-0.000000,9864.922220
20.400000,-946.795487,-46.966807,2053.126440,125.378655,4.808637,-13.011656,0.480233,0.540120,-0.494714,-0.482606,0.049660,0.002334,0.000000,1.274223,0.052764,-0.679823,0.000000,0.000000,0.000000,29.261807,1.211688,82.388252,0.000000,0.000000,0.000000,78972.226742,0.917046,0.000018,347.220687,130.000000,5.000000,126.143701,1.445194,125.470834,-5.920560,32.989831,-106.990675,125.470834,-182.653601,87.438805,29.286883,-82.388252,0.008156,79561.174962,201342.924031,280904.098993,-0.000000,10392.758898
21.000000,-871.350435,-44.072604,2045.205741,126.086458,4.837946,-13.376746,0.480233,0.540120,-0.494714,-0.482606,0.049660,0.002334,0.000000,1.089620,0.045120,-0.540704,-0.000000,-0.000000,0.000000,25.036417,1.036720,85.576135,-0.000000,-0.000000,0.000000,79050.020667,0.917950,0.000018,347.220687,130.000000,5.000000,126.886319,1.217238,126.179240,-6.051542,32.989857,-106.989425,126.179240,-182.653601,89.169339,25.057873,-85.576135,0.008156,80500.697911,200566.168823,281066.866734,0.000000,10858.440729
21.600000,-795.512408,-41.162128,2037.089804,126.691108,4.862984,-13.664823,0.480233,0.540120,-0.494714,-0.482606,0.049660,0.002334,0.000000,0.929741,0.038499,-0.423094,0.000000,0.000000,0.000000,21.375027,0.885108,88.272935,0.000000,0.000000,0.000000,79129.796510,0.918876,0.000018,347.220687,130.000000,5.000000,127.518676,1.022209,126.784406,-6.151594,32.989884,-106.988169,126.784406,-182.653601,90.828153,21.393345,-88.272935,0.008156,81305.068242,199770.267223,281075.335465,-0.000000,11256.444809
22.200000,-719.338961,-38.237763,2028.820873,127.206349,4.884319,-13.888641,0.480233,0.540120,-0.494714,-0.482606,0.049660,0.002334,0.000000,0.791290,0.032766,-0.326295,-0.000000,-0.000000,0.000000,18.202559,0.753741,90.494016,-0.000000,-0.000000,0.000000,79211.143222,0.919821,0.000018,347.220687,130.000000,5.000000,128.055480,0.856552,127.300085,-6.226434,32.989910,-106.986908,127.300085,-182.653601,92.309642,18.218158,-90.494016,0.008156,81991.038612,198959.362139,280950.400751,0.000000,11588.254746
22.800000,-642.880266,-35.301586,2020.433930,127.644391,4.902458,-14.060106,0.480233,0.540120,-0.494714,-0.482606,0.049660,0.002334,0.000000,0.671717,0.027815,-0.248358,-0.000000,-0.000000,0.000000,15.461053,0.640219,92.283484,-0.000000,-0.000000,0.000000,79293.720062,0.920780,0.000018,347.220687,130.000000,5.000000,128.509965,0.716700,127.738501,-6.281230,32.989936,-106.985642,127.738501,-182.653601,93.571845,15.474302,-92.283484,0.008156,82574.063250,198136.884002,280710.947252,0.000000,11859.346593
23.400000,-566.179229,-32.355374,2011.957171,128.015818,4.917838,-14.189842,0.480233,0.540120,-0.494714,-0.482606,0.049660,0.002334,0.000000,0.568909,0.023558,-0.186612,0.000000,0.000000,0.000000,13.102509,0.542555,93.702157,0.000000,0.000000,0.000000,79377.252035,0.921750,0.000018,347.220687,130.000000,5.000000,128.893702,0.599196,128.110245,-6.320475,32.989963,-106.984372,128.110245,-182.653601,94.615275,13.113738,-93.702157,0.008156,83067.938719,197305.597938,280373.536657,-0.000000,12077.616365
24.000000,-489.272856,-29.400660,2003.412859,128.330068,4.930851,-14.286753,0.480233,0.540120,-0.494714,-0.482606,0.049660,0.002334,0.000000,0.480902,0.019913,-0.138350,-0.000000,-0.000000,0.000000,11.082266,0.458900,94.811765,-0.000000,-0.000000,0.000000,79461.521783,0.922728,0.000018,347.220687,130.000000,5.000000,129.216991,0.500802,128.424762,-6.347831,32.989990,-106.983099,128.424762,-182.653601,95.458312,11.091763,-94.811765,0.008156,83485.161418,196467.687175,279952.848593,0.000000,12251.290079
24.600000,-412.192952,-26.438759,1994.818363,128.595486,4.941841,-14.358113,0.480233,0.540120,-0.494714,-0.482606,0.049660,0.002334,0.000000,0.405852,0.016806,-0.101070,0.000000,0.000000,0.000000,9.358415,0.387518,95.669454,0.000000,0.000000,0.000000,79546.359554,0.923713,0.000018,347.220687,130.000000,5.000000,129.488904,0.418585,128.690407,-6.366217,32.990016,-106.981823,128.690407,-182.653601,96.126852,9.366435,-95.669454,0.008156,83836.889172,195624.854962,279461.744134,-0.000000,12388.132443
25.200000,-334.966620,-23.470796,1986.187149,128.819342,4.951111,-14.409806,0.480233,0.540120,-0.494714,-0.482606,0.049660,0.002334,0.000000,0.342067,0.014164,-0.072548,-0.000000,-0.000000,0.000000,7.892415,0.326813,96.326128,-0.000000,-0.000000,0.000000,79631.633563,0.924703,0.000018,347.220687,130.000000,5.000000,129.717304,0.349963,128.914454,-6.377935,32.990043,-106.980544,128.914454,-182.653601,96.649470,7.899178,-96.326128,0.008156,84132.903143,194778.422064,278911.325207,0.000000,12495.165686
25.800000,-257.616859,-20.497721,1977.529617,129.007923,4.958920,-14.446529,0.480233,0.540120,-0.494714,-0.482606,0.049660,0.002334,0.000000,0.288011,0.011926,-0.050876,-0.000000,-0.000000,0.000000,6.649234,0.275335,96.825448,-0.000000,-0.000000,0.000000,79717.241938,0.925698,0.000018,347.220687,130.000000,5.000000,129.908958,0.292713,129.103195,-6.384785,32.990070,-106.979263,129.103195,-182.653601,97.053872,6.654932,-96.825448,0.008156,84381.694471,193929.408204,278311.102675,0.000000,12578.492927
26.400000,-180.163166,-17.520343,1968.853620,129.166642,4.965492,-14.471919,0.480233,0.540120,-0.494714,-0.482606,0.049660,0.002334,0.000000,0.242302,0.010033,-0.034508,0.000000,0.000000,0.000000,5.597384,0.231779,97.202830,0.000000,0.000000,0.000000,79803.107651,0.926695,0.000018,347.220687,130.000000,5.000000,130.069650,0.244952,129.262049,-6.388118,32.990096,-106.977981,129.262049,-182.653601,97.364119,5.602180,-97.202830,0.008156,84590.577185,193078.583512,277669.160697,-0.000000,12643.137838
27.000000,-102.621969,-14.539341,1960.165036,129.300117,4.971019,-14.488750,0.480233,0.540120,-0.494714,-0.482606,0.049660,0.002334,0.000000,0.203725,0.008436,-0.022224,-0.000000,-0.000000,0.000000,4.709102,0.194997,97.486297,-0.000000,-0.000000,0.000000,79889.172973,0.927694,0.000018,347.220687,130.000000,5.000000,130.204283,0.205107,129.395639,-6.388938,32.990123,-106.976697,129.395639,-182.653601,97.600162,4.713137,-97.486297,0.008156,84765.784136,192226.524461,276992.308597,0.000000,12693.133268
27.600000,-25.007351,-11.555299,1951.468413,129.412341,4.975666,-14.499203,0.480233,0.540120,-0.494714,-0.482606,0.049660,0.002334,0.000000,0.171203,0.007089,-0.013030,0.000000,0.000000,0.000000,3.959774,0.163968,97.698628,0.000000,0.000000,0.000000,79975.393166,0.928695,0.000018,347.220687,130.000000,5.000000,130.317068,0.171844,129.507958,-6.388010,32.990150,-106.975412,129.507958,-182.653601,97.778961,3.963167,-97.698628,0.008156,84912.698678,191373.677158,276286.375836,-0.000000,12731.798548
28.200000,52.668932,-8.568704,1942.767111,129.506670,4.979572,-14.504911,0.480233,0.540120,-0.494714,-0.482606,0.049660,0.002334,0.000000,0.143811,0.005955,-0.006166,0.000000,0.000000,0.000000,3.328272,0.137819,97.857294,0.000000,0.000000,0.000000,80061.735157,0.929698,0.000018,347.220687,130.000000,5.000000,130.411526,0.144065,129.602367,-6.385887,32.990177,-106.974125,129.602367,-182.653601,97.913920,3.331124,-97.857294,0.008156,85035.837158,190520.370866,275556.208025,-0.000000,12761.718311
28.800000,130.397319,-5.579951,1934.063379,129.585859,4.982851,-14.506992,0.480233,0.540120,-0.494714,-0.482606,0.049660,0.002334,0.000000,0.120779,0.005001,-0.001107,-0.000000,-0.000000,0.000000,2.796941,0.115817,97.974362,-0.000000,-0.000000,0.000000,80148.176741,0.930702,0.000018,347.220687,130.000000,5.000000,130.490522,0.120888,129.681624,-6.382924,32.990204,-106.972839,129.681624,-182.653601,98.014349,2.799337,-97.974362,0.008156,85138.890320,189666.826346,274805.716666,0.000000,12784.725682
29.400000,208.169255,-2.589395,1925.359113,129.652378,4.985606,-14.506393,0.480233,0.540120,-0.494714,-0.482606,0.049660,0.002334,0.000000,0.101410,0.004199,0.002598,-0.000000,-0.000000,0.000000,2.349853,0.097304,98.060204,-0.000000,-0.000000,0.000000,80234.699198,0.931706,0.000018,347.220687,130.000000,5.000000,130.556620,0.101530,129.748200,-6.379415,32.990231,-106.971551,129.748200,-182.653601,98.088393,2.351867,-98.060204,0.008156,85225.162658,188813.229467,274038.392125,0.000000,12802.408647
30.000000,285.977951,0.402684,1916.655666,129.708194,4.987917,-14.503801,0.480233,0.540120,-0.494714,-0.482606,0.049660,0.002334,0.000000,0.085145,0.003526,0.005289,0.000000,0.000000,0.000000,1.974160,0.081747,98.122641,0.000000,0.000000,0.000000,80321.289117,0.932712,0.000018,347.220687,130.000000,5.000000,130.611849,0.085382,129.804063,-6.375562,32.990258,-106.970263,129.804063,-182.653601,98.142532,1.975851,-98.122641,0.008156,85297.283335,187959.712904,273256.996238,-0.000000,12815.979506
30.600000,363.817315,3.396032,1907.954188,129.755068,4.989858,-14.499802,0.480233,0.540120,-0.494714,-0.482606,0.049660,0.002334,0.000000,0.071477,0.002960,0.007261,0.000000,0.000000,0.000000,1.658271,0.068667,98.168449,0.000000,0.000000,0.000000,80407.935088,0.933718,0.000018,347.220687,130.000000,5.000000,130.658030,0.071904,129.850978,-6.371535,32.990284,-106.968974,129.850978,-182.653601,98.182468,1.659692,-98.168449,0.008156,85357.611571,187106.389329,272464.000900,-0.000000,12826.496098
31.200000,441.682553,6.390452,1899.255461,129.794397,4.991486,-14.494806,0.480233,0.540120,-0.494714,-0.482606,0.049660,0.002334,0.000000,0.060004,0.002485,0.008721,-0.000000,-0.000000,0.000000,1.392963,0.057680,98.202455,-0.000000,-0.000000,0.000000,80494.629287,0.934725,0.000018,347.220687,130.000000,5.000000,130.696595,0.060686,129.890340,-6.367443,32.990311,-106.967685,129.890340,-182.653601,98.212351,1.394156,-98.202455,0.008156,85408.007273,186253.335624,271661.342897,0.000000,12834.726456
31.800000,519.569366,9.385765,1890.560110,129.827431,4.992854,-14.489140,0.480233,0.540120,-0.494714,-0.482606,0.049660,0.002334,0.000000,0.050366,0.002086,0.009837,-0.000000,-0.000000,0.000000,1.169927,0.048445,98.228511,-0.000000,-0.000000,0.000000,80581.365461,0.935732,0.000018,347.220687,130.000000,5.000000,130.728824,0.051360,129.923402,-6.363369,32.990338,-106.966395,129.923402,-182.653601,98.235486,1.170929,-98.228511,0.008156,85450.135778,185400.613072,270850.748850,0.000000,12841.297725
32.400000,597.474406,12.381833,1881.868424,129.855146,4.994002,-14.482951,0.480233,0.540120,-0.494714,-0.482606,0.049660,0.002334,0.000000,0.042278,0.001751,0.010680,-0.000000,-0.000000,0.000000,0.982652,0.040690,98.248235,-0.000000,-0.000000,0.000000,80668.140702,0.936740,0.000018,347.220687,130.000000,5.000000,130.755706,0.043641,129.951140,-6.359326,32.990365,-106.965105,129.951140,-182.653601,98.253158,0.983494,-98.248235,0.008156,85485.281837,184548.249842,270033.531679,0.000000,12846.517418
33.000000,675.394671,15.378531,1873.180606,129.878417,4.994965,-14.476339,0.480233,0.540120,-0.494714,-0.482606,0.049660,0.002334,0.000000,0.035485,0.001469,0.011297,0.000000,0.000000,0.000000,0.825285,0.034174,98.262732,0.000000,0.000000,0.000000,80754.952926,0.937748,0.000018,347.220687,130.000000,5.000000,130.778122,0.037269,129.974432,-6.355317,32.990392,-106.963815,129.974432,-182.653601,98.266202,0.825992,-98.262732,0.008156,85514.594320,183696.265939,269210.860259,-0.000000,12850.615548
33.600000,753.327771,18.375761,1864.496821,129.897942,4.995774,-14.469392,0.480233,0.540120,-0.494714,-0.482606,0.049660,0.002334,0.000000,0.029786,0.001233,0.011731,0.000000,0.000000,0.000000,0.693156,0.028703,98.272996,0.000000,0.000000,0.000000,80841.800431,0.938756,0.000018,347.220687,130.000000,5.000000,130.796775,0.032036,129.993973,-6.351345,32.990419,-106.962525,129.993973,-182.653601,98.275444,0.693750,-98.272996,0.008156,85538.990102,182844.677537,268383.667639,-0.000000,12853.790927
34.200000,831.271573,21.373433,1855.817222,129.914344,4.996453,-14.462191,0.480233,0.540120,-0.494714,-0.482606,0.049660,0.002334,0.000000,0.024998,0.001035,0.012025,-0.000000,-0.000000,0.000000,0.582092,0.024104,98.280001,-0.000000,-0.000000,0.000000,80928.681635,0.939765,0.000018,347.220687,130.000000,5.000000,130.812294,0.027758,130.010389,-6.347415,32.990446,-106.961234,130.010389,-182.653601,98.281727,0.582591,-98.280001,0.008156,85559.289067,181993.499603,267552.788670,0.000000,12856.232391
34.800000,909.224424,24.371481,1847.141953,129.928103,4.997023,-14.454820,0.480233,0.540120,-0.494714,-0.482606,0.049660,0.002334,0.000000,0.020981,0.000869,0.012222,-0.000000,-0.000000,0.000000,0.488859,0.020243,98.284772,-0.000000,-0.000000,0.000000,81015.595026,0.940774,0.000018,347.220687,130.000000,5.000000,130.825166,0.024296,130.024160,-6.343540,32.990473,-106.959943,130.024160,-182.653601,98.285989,0.489278,-98.284772,0.008156,85576.128429,181142.746346,266718.874775,0.000000,12858.121608
35.400000,987.184859,27.369843,1838.471154,129.939649,4.997501,-14.447357,0.480233,0.540120,-0.494714,-0.482606,0.049660,0.002334,0.000000,0.017611,0.000729,0.012367,0.000000,0.000000,0.000000,0.410581,0.017002,98.288325,0.000000,0.000000,0.000000,81102.539147,0.941784,0.000018,347.220687,130.000000,5.000000,130.835827,0.021532,130.035716,-6.339732,32.990500,-106.958652,130.035716,-182.653601,98.289184,0.410933,-98.288325,0.008156,85590.075669,180292.431383,265882.507052,-0.000000,12859.634207
36.000000,1065.151657,30.368468,1829.804904,129.949337,4.997902,-14.439851,0.480233,0.540120,-0.494714,-0.482606,0.049660,0.002334,0.000000,0.014783,0.000612,0.012485,0.000000,0.000000,0.000000,0.344858,0.014280,98.291252,0.000000,0.000000,0.000000,81189.513124,0.942794,0.000018,347.220687,130.000000,5.000000,130.844635,0.019359,130.045413,-6.335996,32.990527,-106.957361,130.045413,-182.653601,98.291858,0.345153,-98.291252,0.008156,85601.601144,179442.562628,265044.163772,-0.000000,12860.883059
36.600000,1143.123805,33.367315,1821.143235,129.957464,4.998239,-14.432319,0.480233,0.540120,-0.494714,-0.482606,0.049660,0.002334,0.000000,0.012411,0.000514,0.012586,-0.000000,-0.000000,0.000000,0.289700,0.011996,98.293780,-0.000000,-0.000000,0.000000,81276.516580,0.943804,0.000018,347.220687,130.000000,5.000000,130.851888,0.017683,130.053546,-6.332325,32.990553,-106.956070,130.053546,-182.653601,98.294208,0.289948,-98.293780,0.008156,85611.091226,178593.143061,264204.234287,0.000000,12861.926745
37.200000,1221.100405,36.366346,1812.486154,129.964291,4.998521,-14.424767,0.480233,0.540120,-0.494714,-0.482606,0.049660,0.002334,0.000000,0.010418,0.000431,0.012671,-0.000000,-0.000000,0.000000,0.243336,0.010076,98.295967,-0.000000,-0.000000,0.000000,81363.549370,0.944815,0.000018,347.220687,130.000000,5.000000,130.857847,0.016410,130.060379,-6.328709,32.990580,-106.954779,130.060379,-182.653601,98.296268,0.243544,-98.295967,0.008156,85618.888314,177744.173436,263363.061749,0.000000,12862.798513
37.800000,1299.080772,39.365533,1803.833626,129.970019,4.998759,-14.417178,0.480233,0.540120,-0.494714,-0.482606,0.049660,0.002334,0.000000,0.008746,0.000362,0.012731,-0.000000,-0.000000,0.000000,0.204416,0.008465,98.297546,-0.000000,-0.000000,0.000000,81450.611782,0.945826,0.000018,347.220687,130.000000,5.000000,130.862708,0.015451,130.066111,-6.325130,32.990607,-106.953488,130.066111,-182.653601,98.297759,0.204591,-98.297546,0.008156,85625.249882,176895.650257,262520.900139,0.000000,12863.483092
38.400000,1377.064275,42.364850,1795.185619,129.974831,4.998958,-14.409536,0.480233,0.540120,-0.494714,-0.482606,0.049660,0.002334,0.000000,0.007342,0.000304,0.012755,0.000000,0.000000,0.000000,0.171695,0.007110,98.298295,0.000000,0.000000,0.000000,81537.704061,0.946837,0.000018,347.220687,130.000000,5.000000,130.866654,0.014719,130.070928,-6.321572,32.990634,-106.952197,130.070928,-182.653601,98.298445,0.171842,-98.298295,0.008156,85630.413439,176047.570467,261677.983906,-0.000000,12863.968904
39.000000,1455.050428,45.364276,1786.542155,129.978870,4.999125,-14.401856,0.480233,0.540120,-0.494714,-0.482606,0.049660,0.002334,0.000000,0.006163,0.000255,0.012753,0.000000,0.000000,0.000000,0.144219,0.005972,98.298416,0.000000,0.000000,0.000000,81624.825920,0.947849,0.000018,347.220687,130.000000,5.000000,130.869826,0.014166,130.074971,-6.318036,32.990661,-106.950906,130.074971,-182.653601,98.298522,0.144343,-98.298416,0.008156,85634.565241,175199.936197,260834.501438,-0.000000,12864.296610
39.600000,1533.038802,48.363795,1777.903273,129.982261,4.999265,-14.394164,0.480233,0.540120,-0.494714,-0.482606,0.049660,0.002334,0.000000,0.005174,0.000214,0.012738,-0.000000,-0.000000,0.000000,0.121138,0.005016,98.298254,-0.000000,-0.000000,0.000000,81711.976895,0.948861,0.000018,347.220687,130.000000,5.000000,130.872353,0.013750,130.078365,-6.314525,32.990688,-106.949614,130.078365,-182.653601,98.298329,0.121242,-98.298254,0.008156,85637.872550,174352.751277,259990.623827,0.000000,12864.523847
40.200000,1611.029042,51.363391,1769.269004,129.985108,4.999383,-14.386482,0.480233,0.540120,-0.494714,-0.482606,0.049660,0.002334,0.000000,0.004343,0.000180,0.012724,-0.000000,-0.000000,0.000000,0.101754,0.004213,98.298099,-0.000000,-0.000000,0.000000,81799.156598,0.949873,0.000018,347.220687,130.000000,5.000000,130.874340,0.013445,130.081213,-6.311045,32.990715,-106.948323,130.081213,-182.653601,98.298152,0.101841,-98.298099,0.008156,85640.472878,173506.018809,259146.491687,0.000000,12864.698876
40.800000,1689.020859,54.363052,1760.639375,129.987494,4.999482,-14.378827,0.480233,0.540120,-0.494714,-0.482606,0.049660,0.002334,0.000000,0.003647,0.000151,0.012720,0.000000,0.000000,0.000000,0.085493,0.003540,98.298194,0.000000,0.000000,0.000000,81886.364701,0.950886,0.000018,347.220687,130.000000,5.000000,130.875873,0.013233,130.083602,-6.307599,32.990742,-106.947032,130.083602,-182.653601,98.298231,0.085566,-98.298194,0.008156,85642.479055,172659.741272,258302.220327,-0.000000,12864.861952
41.400000,1767.013987,57.362767,1752.014382,129.989498,4.999565,-14.371201,0.480233,0.540120,-0.494714,-0.482606,0.049660,0.002334,0.000000,0.003062,0.000127,0.012728,0.000000,0.000000,0.000000,0.071832,0.002974,98.298555,0.000000,0.000000,0.000000,81973.601166,0.951899,0.000018,347.220687,130.000000,5.000000,130.877029,0.013092,130.085608,-6.304185,32.990768,-106.945740,130.085608,-182.653601,98.298581,0.071894,-98.298555,0.008156,85643.991714,171813.918346,257457.910060,-0.000000,12865.022818
42.000000,1845.008213,60.362528,1743.393968,129.991182,4.999635,-14.363575,0.480233,0.540120,-0.494714,-0.482606,0.049660,0.002334,0.000000,0.002571,0.000106,0.012730,-0.000000,-0.000000,0.000000,0.060348,0.002499,98.298786,-0.000000,-0.000000,0.000000,82060.866482,0.952912,0.000018,347.220687,130.000000,5.000000,130.877867,0.012987,130.087293,-6.300785,32.990795,-106.944449,130.087293,-182.653601,98.298805,0.060400,-98.298786,0.008156,85645.088110,170968.544606,256613.632716,0.000000,12865.135425
42.600000,1923.003361,63.362327,1734.778117,129.992596,4.999693,-14.355942,0.480233,0.540120,-0.494714,-0.482606,0.049660,0.002334,0.000000,0.002159,0.000089,0.012722,0.000000,0.000000,0.000000,0.050695,0.002099,98.298782,0.000000,0.000000,0.000000,82148.160768,0.953926,0.000018,347.220687,130.000000,5.000000,130.878436,0.012904,130.088708,-6.297396,32.990822,-106.943157,130.088708,-182.653601,98.298795,0.050738,-98.298782,0.008156,85645.833653,170123.618206,255769.451859,-0.000000,12865.190932
43.200000,2000.999287,66.362159,1726.166836,129.993784,4.999743,-14.348309,0.480233,0.540120,-0.494714,-0.482606,0.049660,0.002334,0.000000,0.001812,0.000075,0.012709,0.000000,0.000000,0.000000,0.042584,0.001763,98.298656,0.000000,0.000000,0.000000,82235.483869,0.954940,0.000018,347.220687,130.000000,5.000000,130.878781,0.012837,130.089897,-6.294017,32.990849,-106.941866,130.089897,-182.653601,98.298666,0.042620,-98.298656,0.008156,85646.284786,169279.139984,254925.424770,-0.000000,12865.208317
43.800000,2078.995869,69.362017,1717.560133,129.994781,4.999784,-14.340684,0.480233,0.540120,-0.494714,-0.482606,0.049660,0.002334,0.000000,0.001521,0.000063,0.012695,-0.000000,-0.000000,0.000000,0.035776,0.001481,98.298517,-0.000000,-0.000000,0.000000,82322.835632,0.955954,0.000018,347.220687,130.000000,5.000000,130.878937,0.012786,130.090894,-6.290652,32.990876,-106.940575,130.090894,-182.653601,98.298523,0.035807,-98.298517,0.008156,85646.488437,168435.110741,254081.599178,0.000000,12865.205324
44.400000,2156.992997,72.361898,1708.958006,129.995618,4.999819,-14.333071,0.480233,0.540120,-0.494714,-0.482606,0.049660,0.002334,0.000000,0.001277,0.000053,0.012682,-0.000000,-0.000000,0.000000,0.030053,0.001244,98.298398,-0.000000,-0.000000,0.000000,82410.216003,0.956969,0.000018,347.220687,130.000000,5.000000,130.878936,0.012746,130.091732,-6.287299,32.990903,-106.939283,130.091732,-182.653601,98.298402,0.030079,-98.298398,0.008156,85646.487052,167591.530300,253238.017352,0.000000,12865.189668
45.000000,2234.990572,75.361798,1700.360446,129.996325,4.999848,-14.325467,0.480233,0.540120,-0.494714,-0.482606,0.049660,0.002334,0.000000,0.001071,0.000044,0.012669,0.000000,0.000000,0.000000,0.025220,0.001044,98.298270,0.000000,0.000000,0.000000,82497.625018,0.957984,0.000018,347.220687,130.000000,5.000000,130.878806,0.012714,130.092440,-6.283956,32.990929,-106.937992,130.092440,-182.653601,98.298273,0.025241,-98.298270,0.008156,85646.317557,166748.397654,252394.715211,-0.000000,12865.160180
45.600000,2312.988534,78.361713,1691.767445,129.996919,4.999872,-14.317870,0.480233,0.540120,-0.494714,-0.482606,0.049660,0.002334,0.000000,0.000898,0.000037,0.012655,-0.000000,-0.000000,0.000000,0.021155,0.000876,98.298121,-0.000000,-0.000000,0.000000,82585.062673,0.958999,0.000018,347.220687,130.000000,5.000000,130.878566,0.012687,130.093034,-6.280622,32.990956,-106.936700,130.093034,-182.653601,98.298124,0.021173,-98.298121,0.008156,85646.003055,165905.712154,251551.715209,0.000000,12865.117127
46.200000,2390.986829,81.361643,1683.178999,129.997415,4.999893,-14.310282,0.480233,0.540120,-0.494714,-0.482606,0.049660,0.002334,0.000000,0.000753,0.000031,0.012640,-0.000000,-0.000000,0.000000,0.017754,0.000735,98.297953,-0.000000,-0.000000,0.000000,82672.528949,0.960015,0.000018,347.220687,130.000000,5.000000,130.878230,0.012663,130.093531,-6.277296,32.990983,-106.935409,130.093531,-182.653601,98.297954,0.017770,-98.297953,0.008156,85645.563599,165063.473309,250709.036908,0.000000,12865.062055
46.800000,2468.985402,84.361584,1674.595103,129.997831,4.999910,-14.302702,0.480233,0.540120,-0.494714,-0.482606,0.049660,0.002334,0.000000,0.000632,0.000026,0.012625,0.000000,0.000000,0.000000,0.014906,0.000617,98.297773,0.000000,0.000000,0.000000,82760.023821,0.961031,0.000018,347.220687,130.000000,5.000000,130.877815,0.012641,130.093948,-6.273977,32.991010,-106.934117,130.093948,-182.653601,98.297774,0.014919,-98.297773,0.008156,85645.020643,164221.680686,249866.701330,-0.000000,12864.997739
47.400000,2546.984203,87.361534,1666.015751,129.998181,4.999925,-14.295132,0.480233,0.540120,-0.494714,-0.482606,0.049660,0.002334,0.000000,0.000530,0.000022,0.012609,-0.000000,-0.000000,0.000000,0.012511,0.000518,98.297588,-0.000000,-0.000000,0.000000,82847.547282,0.962047,0.000018,347.220687,130.000000,5.000000,130.877336,0.012620,130.094297,-6.270666,32.991037,-106.932826,130.094297,-182.653601,98.297588,0.012522,-98.297588,0.008156,85644.393130,163380.333686,249024.726816,0.000000,12864.926374
48.000000,2624.983191,90.361492,1657.440937,129.998476,4.999937,-14.287571,0.480233,0.540120,-0.494714,-0.482606,0.049660,0.002334,0.000000,0.000444,0.000018,0.012594,-0.000000,-0.000000,0.000000,0.010488,0.000434,98.297400,-0.000000,-0.000000,0.000000,82935.099331,0.963064,0.000018,347.220687,130.000000,5.000000,130.876803,0.012602,130.094593,-6.267362,32.991063,-106.931534,130.094593,-182.653601,98.297401,0.010497,-98.297400,0.008156,85643.696615,162539.431642,248183.128256,0.000000,12864.849504
48.600000,2702.982341,93.361457,1648.870655,129.998723,4.999947,-14.280019,0.480233,0.540120,-0.494714,-0.482606,0.049660,0.002334,0.000000,0.000372,0.000015,0.012578,-0.000000,-0.000000,0.000000,0.008789,0.000364,98.297211,-0.000000,-0.000000,0.000000,83022.679950,0.964081,0.000018,347.220687,130.000000,5.000000,130.876226,0.012583,130.094840,-6.264064,32.991090,-106.930243,130.094840,-182.653601,98.297211,0.008797,-98.297211,0.008156,85642.940375,161698.974053,247341.914427,0.000000,12864.767937
49.200000,2780.981633,96.361427,1640.304900,129.998929,4.999956,-14.272477,0.480233,0.540120,-0.494714,-0.482606,0.049660,0.002334,0.000000,0.000312,0.000013,0.012562,-0.000000,-0.000000,0.000000,0.007373,0.000305,98.297020,-0.000000,-0.000000,0.000000,83110.289116,0.965099,0.000018,347.220687,130.000000,5.000000,130.875608,0.012566,130.095047,-6.260772,32.991117,-106.928951,130.095047,-182.653601,98.297021,0.007380,-98.297020,0.008156,85642.132172,160858.960460,246501.092632,0.000000,12864.682304
49.800000,2858.981046,99.361403,1631.743668,129.999100,4.999963,-14.264944,0.480233,0.540120,-0.494714,-0.482606,0.049660,0.002334,0.000000,0.000262,0.000011,0.012547,0.000000,0.000000,0.000000,0.006200,0.000257,98.296829,0.000000,0.000000,0.000000,83197.926807,0.966116,0.000018,347.220687,130.000000,5.000000,130.874957,0.012549,130.095218,-6.257485,32.991144,-106.927660,130.095218,-182.653601,98.296829,0.006206,-98.296829,0.008156,85641.279728,160019.390400,245660.670129,-0.000000,12864.593235
50.400000,2936.980562,102.361383,1623.186953,129.999241,4.999969,-14.257421,0.480233,0.540120,-0.494714,-0.482606,0.049660,0.002334,0.000000,0.000221,0.000009,0.012531,0.000000,0.000000,0.000000,0.005231,0.000217,98.296637,0.000000,0.000000,0.000000,83285.593011,0.967134,0.000018,347.220687,130.000000,5.000000,130.874277,0.012533,130.095359,-6.254205,32.991170,-106.926368,130.095359,-182.653601,98.296637,0.005236,-98.296637,0.008156,85640.390395,159180.263347,244820.653741,-0.000000,12864.501339
51.000000,3014.980161,105.361367,1614.634750,129.999358,4.999973,-14.249906,0.480233,0.540120,-0.494714,-0.482606,0.049660,0.002334,0.000000,0.000187,0.000008,0.012515,0.000000,0.000000,0.000000,0.004429,0.000183,98.296445,0.000000,0.000000,0.000000,83373.287719,0.968153,0.000018,347.220687,130.000000,5.000000,130.873575,0.012517,130.095476,-6.250929,32.991197,-106.925077,130.095476,-182.653601,98.296445,0.004433,-98.296445,0.008156,85639.471314,158341.578740,243981.050054,-0.000000,12864.407217
51.600000,3092.979826,108.361353,1606.087053,129.999456,4.999977,-14.242402,0.480233,0.540120,-0.494714,-0.482606,0.049660,0.002334,0.000000,0.000158,0.000007,0.012499,-0.000000,-0.000000,0.000000,0.003756,0.000156,98.296254,-0.000000,-0.000000,0.000000,83461.010923,0.969171,0.000018,347.220687,130.000000,5.000000,130.872855,0.012500,130.095574,-6.247658,32.991224,-106.923785,130.095574,-182.653601,98.296254,0.003759,-98.296254,0.008156,85638.529565,157503.336020,243141.865585,0.000000,12864.311462
52.200000,3170.979541,111.361341,1597.543857,129.999539,4.999981,-14.234907,0.480233,0.540120,-0.494714,-0.482606,0.049660,0.002334,0.000000,0.000134,0.000006,0.012484,-0.000000,-0.000000,0.000000,0.003186,0.000132,98.296064,-0.000000,-0.000000,0.000000,83548.762611,0.970190,0.000018,347.220687,130.000000,5.000000,130.872122,0.012485,130.095657,-6.244393,32.991251,-106.922494,130.095657,-182.653601,98.296064,0.003188,-98.296064,0.008156,85637.570290,156665.534604,242303.104894,0.000000,12864.214492
52.800000,3248.979300,114.361331,1589.005153,129.999609,4.999984,-14.227421,0.480233,0.540120,-0.494714,-0.482606,0.049660,0.002334,0.000000,0.000114,0.000005,0.012468,-0.000000,-0.000000,0.000000,0.002703,0.000112,98.295874,-0.000000,-0.000000,0.000000,83636.542767,0.971210,0.000018,347.220687,130.000000,5.000000,130.871378,0.012469,130.095727,-6.241131,32.991278,-106.921202,130.095727,-182.653601,98.295874,0.002705,-98.295874,0.008156,85636.596363,155828.173882,241464.770244,0.000000,12864.116519
53.400000,3326.979095,117.361322,1580.470938,129.999668,4.999986,-14.219945,0.480233,0.540120,-0.494714,-0.482606,0.049660,0.002334,0.000000,0.000097,0.000004,0.012453,0.000000,0.000000,0.000000,0.002292,0.000095,98.295685,0.000000,0.000000,0.000000,83724.351374,0.972229,0.000018,347.220687,130.000000,5.000000,130.870625,0.012453,130.095786,-6.237875,32.991304,-106.919911,130.095786,-182.653601,98.295685,0.002294,-98.295685,0.008156,85635.610524,154991.253242,240626.863766,-0.000000,12864.017744
54.000000,3404.978921,120.361315,1571.941205,129.999719,4.999988,-14.212478,0.480233,0.540120,-0.494714,-0.482606,0.049660,0.002334,0.000000,0.000082,0.000003,0.012437,0.000000,0.000000,0.000000,0.001942,0.000080,98.295497,0.000000,0.000000,0.000000,83812.188423,0.973249,0.000018,347.220687,130.000000,5.000000,130.869864,0.012438,130.095837,-6.234623,32.991331,-106.918619,130.095837,-182.653601,98.295497,0.001943,-98.295497,0.008156,85634.615170,154154.772151,239789.387321,-0.000000,12863.918336
54.600000,3482.978772,123.361309,1563.415950,129.999762,4.999990,-14.205020,0.480233,0.540120,-0.494714,-0.482606,0.049660,0.002334,0.000000,0.000069,0.000003,0.012422,0.000000,0.000000,0.000000,0.001644,0.000068,98.295309,0.000000,0.000000,0.000000,83900.053915,0.974269,0.000018,347.220687,130.000000,5.000000,130.869098,0.012422,130.095881,-6.231375,32.991358,-106.917328,130.095881,-182.653601,98.295309,0.001645,-98.295309,0.008156,85633.611821,153318.730268,238952.342089,-0.000000,12863.818386
55.200000,3560.978646,126.361304,1554.895171,129.999799,4.999992,-14.197572,0.480233,0.540120,-0.494714,-0.482606,0.049660,0.002334,0.000000,0.000058,0.000002,0.012406,0.000000,0.000000,0.000000,0.001390,0.000058,98.295121,0.000000,0.000000,0.000000,83987.947858,0.975290,0.000018,347.220687,130.000000,5.000000,130.868326,0.012407,130.095917,-6.228131,32.991384,-106.916036,130.095917,-182.653601,98.295121,0.001392,-98.295121,0.008156,85632.601859,152483.127283,238115.729142,-0.000000,12863.717973
55.800000,3638.978539,129.361299,1546.378863,129.999830,4.999993,-14.190133,0.480233,0.540120,-0.494714,-0.482606,0.049660,0.002334,0.000000,0.000049,0.000002,0.012391,-0.000000,-0.000000,0.000000,0.001175,0.000049,98.294934,-0.000000,-0.000000,0.000000,84075.870247,0.976311,0.000018,347.220687,130.000000,5.000000,130.867550,0.012391,130.095949,-6.224892,32.991411,-106.914745,130.095949,-182.653601,98.294934,0.001176,-98.294934,0.008156,85631.586604,151647.962764,237279.549368,0.000000,12863.617172
56.400000,3716.978448,132.361296,1537.867014,129.999857,4.999994,-14.182703,0.480233,0.540120,-0.494714,-0.482606,0.049660,0.002334,0.000000,0.000042,0.000002,0.012376,-0.000000,-0.000000,0.000000,0.000992,0.000041,98.294746,-0.000000,-0.000000,0.000000,84163.821029,0.977332,0.000018,347.220687,130.000000,5.000000,130.866771,0.012376,130.095975,-6.221657,32.991438,-106.913453,130.095975,-182.653601,98.294746,0.000993,-98.294746,0.008156,85630.567023,150813.235530,236443.802554,0.000000,12863.516042
57.000000,3794.978371,135.361292,1529.359609,129.999879,4.999995,-14.175282,0.480233,0.540120,-0.494714,-0.482606,0.049660,0.002334,0.000000,0.000035,0.000001,0.012360,-0.000000,-0.000000,0.000000,0.000838,0.000035,98.294558,-0.000000,-0.000000,0.000000,84251.800131,0.978354,0.000018,347.220687,130.000000,5.000000,130.865989,0.012360,130.095997,-6.218426,32.991465,-106.912162,130.095997,-182.653601,98.294558,0.000839,-98.294558,0.008156,85629.543948,149978.944129,235608.488077,0.000000,12863.414634
57.600000,3872.978306,138.361290,1520.856635,129.999898,4.999996,-14.167871,0.480233,0.540120,-0.494714,-0.482606,0.049660,0.002334,0.000000,0.000030,0.000001,0.012345,0.000000,0.000000,0.000000,0.000708,0.000029,98.294371,0.000000,0.000000,0.000000,84339.807491,0.979376,0.000018,347.220687,130.000000,5.000000,130.865205,0.012345,130.096016,-6.215200,32.991491,-106.910870,130.096016,-182.653601,98.294371,0.000708,-98.294371,0.008156,85628.518201,149145.087244,234773.605445,-0.000000,12863.312999
58.200000,3950.978252,141.361287,1512.358102,129.999914,4.999996,-14.160469,0.480233,0.540120,-0.494714,-0.482606,0.049660,0.002334,0.000000,0.000025,0.000001,0.012329,0.000000,0.000000,0.000000,0.000597,0.000025,98.294182,0.000000,0.000000,0.000000,84427.843198,0.980398,0.000018,347.220687,130.000000,5.000000,130.864420,0.012330,130.096032,-6.211977,32.991518,-106.909579,130.096032,-182.653601,98.294182,0.000598,-98.294182,0.008156,85627.490460,148311.665831,233939.156291,-0.000000,12863.211192
58.800000,4028.978206,144.361286,1503.864038,129.999927,4.999997,-14.153076,0.480233,0.540120,-0.494714,-0.482606,0.049660,0.002334,0.000000,0.000021,0.000001,0.012314,0.000000,0.000000,0.000000,0.000505,0.000021,98.293994,0.000000,0.000000,0.000000,84515.907466,0.981421,0.000018,347.220687,130.000000,5.000000,130.863634,0.012314,130.096046,-6.208759,32.991545,-106.908287,130.096046,-182.653601,98.293994,0.000505,-98.293994,0.008156,85626.461282,147478.682687,233105.143969,-0.000000,12863.109269
59.400000,4106.978167,147.361284,1495.374471,129.999939,4.999997,-14.145692,0.480233,0.540120,-0.494714,-0.482606,0.049660,0.002334,0.000000,0.000018,0.000001,0.012299,-0.000000,-0.000000,0.000000,0.000427,0.000018,98.293806,-0.000000,-0.000000,0.000000,84604.000511,0.982444,0.000018,347.220687,130.000000,5.000000,130.862847,0.012299,130.096057,-6.205544,32.991571,-106.906996,130.096057,-182.653601,98.293806,0.000427,-98.293806,0.008156,85625.431222,146646.140607,232271.571830,0.000000,12863.007285
60.000000,4184.978134,150.361283,1486.889383,129.999948,4.999998,-14.138318,0.480233,0.540120,-0.494714,-0.482606,0.049660,0.002334,0.000000,0.000015,0.000001,0.012284,-0.000000,-0.000000,0.000000,0.000361,0.000015,98.293618,-0.000000,-0.000000,0.000000,84692.122232,0.983467,0.000018,347.220687,130.000000,5.000000,130.862059,0.012284,130.096066,-6.202334,32.991598,-106.905704,130.096066,-182.653601,98.293618,0.000361,-98.293618,0.008156,85624.400727,145814.037697,231438.438424,0.000000,12862.905289
60.600000,4262.978107,153.361281,1478.408671,129.999956,4.999998,-14.130952,0.480233,0.540120,-0.494714,-0.482606,0.049660,0.002334,0.000000,0.000013,0.000001,0.012268,-0.000000,-0.000000,0.000000,0.000306,0.000013,98.293431,-0.000000,-0.000000,0.000000,84780.271991,0.984491,0.000018,347.220687,130.000000,5.000000,130.861272,0.012268,130.096074,-6.199128,32.991625,-106.904413,130.096074,-182.653601,98.293431,0.000306,-98.293431,0.008156,85623.370061,144982.363950,230605.734010,0.000000,12862.803317
61.200000,4340.978084,156.361281,1469.932225,129.999963,4.999998,-14.123596,0.480233,0.540120,-0.494714,-0.482606,0.049660,0.002334,0.000000,0.000011,0.000000,0.012253,-0.000000,-0.000000,0.000000,0.000259,0.000011,98.293243,-0.000000,-0.000000,0.000000,84868.449095,0.985515,0.000018,347.220687,130.000000,5.000000,130.860484,0.012253,130.096081,-6.195925,32.991651,-106.903121,130.096081,-182.653601,98.293243,0.000260,-98.293243,0.008156,85622.339470,144151.108551,229773.448021,0.000000,12862.701403
61.800000,4418.978065,159.361280,1461.459941,129.999968,4.999999,-14.116248,0.480233,0.540120,-0.494714,-0.482606,0.049660,0.002334,0.000000,0.000009,0.000000,0.012238,0.000000,0.000000,0.000000,0.000220,0.000009,98.293057,0.000000,0.000000,0.000000,84956.652892,0.986539,0.000018,347.220687,130.000000,5.000000,130.859697,0.012238,130.096087,-6.192727,32.991678,-106.901830,130.096087,-182.653601,98.293057,0.000221,-98.293057,0.008156,85621.309201,143320.261345,228941.570546,-0.000000,12862.599581
62.400000,4496.978048,162.361279,1452.991931,129.999973,4.999999,-14.108909,0.480233,0.540120,-0.494714,-0.482606,0.049660,0.002334,0.000000,0.000008,0.000000,0.012223,0.000000,0.000000,0.000000,0.000188,0.000008,98.292871,0.000000,0.000000,0.000000,85044.884119,0.987564,0.000018,347.220687,130.000000,5.000000,130.858910,0.012223,130.096091,-6.189532,32.991705,-106.900539,130.096091,-182.653601,98.292871,0.000188,-98.292871,0.008156,85620.279532,142489.833163,228110.112695,-0.000000,12862.497883
63.000000,4574.978035,165.361279,1444.528557,129.999977,4.999999,-14.101580,0.480233,0.540120,-0.494714,-0.482606,0.049660,0.002334,0.000000,0.000007,0.000000,0.012207,0.000000,0.000000,0.000000,0.000161,0.000007,98.292685,0.000000,0.000000,0.000000,85133.145155,0.988588,0.000018,347.220687,130.000000,5.000000,130.858124,0.012207,130.096095,-6.186341,32.991731,-106.899247,130.096095,-182.653601,98.292685,0.000161,-98.292685,0.008156,85619.250774,141659.859735,227279.110509,-0.000000,12862.396339
63.600000,4652.978024,168.361278,1436.070200,129.999980,4.999999,-14.094261,0.480233,0.540120,-0.494714,-0.482606,0.049660,0.002334,0.000000,0.000006,0.000000,0.012192,0.000000,0.000000,0.000000,0.000138,0.000006,98.292500,0.000000,0.000000,0.000000,85221.438474,0.989614,0.000018,347.220687,130.000000,5.000000,130.857338,0.012192,130.096099,-6.183155,32.991758,-106.897956,130.096099,-182.653601,98.292500,0.000138,-98.292500,0.008156,85618.223241,140830.378231,226448.601473,-0.000000,12862.294976
64.200000,4730.978014,171.361278,1427.617179,129.999983,4.999999,-14.086953,0.480233,0.540120,-0.494714,-0.482606,0.049660,0.002334,0.000000,0.000005,0.000000,0.012177,-0.000000,-0.000000,0.000000,0.000119,0.000005,98.292316,-0.000000,-0.000000,0.000000,85309.766174,0.990639,0.000018,347.220687,130.000000,5.000000,130.856554,0.012177,130.096101,-6.179974,32.991785,-106.896664,130.096101,-182.653601,98.292316,0.000119,-98.292316,0.008156,85617.197224,140001.420108,225618.617332,0.000000,12862.193820
64.800000,4808.978006,174.361277,1419.168859,129.999985,4.999999,-14.079654,0.480233,0.540120,-0.494714,-0.482606,0.049660,0.002334,0.000000,0.000004,0.000000,0.012162,-0.000000,-0.000000,0.000000,0.000103,0.000004,98.292133,-0.000000,-0.000000,0.000000,85398.124162,0.991665,0.000018,347.220687,130.000000,5.000000,130.855771,0.012162,130.096104,-6.176797,32.991811,-106.895373,130.096104,-182.653601,98.292133,0.000103,-98.292133,0.008156,85616.172619,139172.922862,224789.095482,0.000000,12862.092852
65.400000,4886.977999,177.361277,1410.723816,129.999987,4.999999,-14.072363,0.480233,0.540120,-0.494714,-0.482606,0.049660,0.002334,0.000000,0.000004,0.000000,0.012147,-0.000000,-0.000000,0.000000,0.000088,0.000004,98.291950,-0.000000,-0.000000,0.000000,85486.503279,0.992692,0.000018,347.220687,130.000000,5.000000,130.854989,0.012147,130.096106,-6.173622,32.991838,-106.894081,130.096106,-182.653601,98.291950,0.000089,-98.291950,0.008156,85615.149001,138344.747127,223959.896129,0.000000,12861.992015
66.000000,4964.977993,180.361277,1402.280608,129.999989,5.000000,-14.065075,0.480233,0.540120,-0.494714,-0.482606,0.049660,0.002334,0.000000,0.000003,0.000000,0.012133,-0.000000,-0.000000,0.000000,0.000075,0.000003,98.291767,-0.000000,-0.000000,0.000000,85574.894217,0.993718,0.000018,347.220687,130.000000,5.000000,130.854207,0.012133,130.096108,-6.170450,32.991865,-106.892790,130.096108,-182.653601,98.291767,0.000075,-98.291767,0.008156,85614.125935,137516.751276,223130.877212,0.000000,12861.891251
