# Time (s), X (m), Y (m), Z (m), Vx (m/s), Vy (m/s), Vz (m/s), e0, e1, e2, e3, ω1 (rad/s), ω2 (rad/s), ω3 (rad/s), Ax (m/s2), Ay (m/s2), Az (m/s2), α1 (rad/s2), α2 (rad/s2), α3 (rad/s2), R1 (N), R2 (N), R3 (N), M1 (Nm), M2 (Nm), Aerodynamic Spin Moment (N m), Pressure (Pa), Density (kg/m³), Dynamic Viscosity (Pa s), Speed of Sound (m/s), Wind Velocity X (East) (m/s), Wind Velocity Y (North) (m/s), Speed - Velocity Magnitude (m/s), Acceleration Magnitude (m/s²), (((Vx (m/s)**2) + (Vy (m/s)**2))**0.5), Path Angle (°), Latitude (°), Longitude (°), (((Vx (m/s)**2) + (Vy (m/s)**2))**0.5), Spin Angle - φ (°), Dynamic Pressure (Pa), Aerodynamic Lift Force (N), Aerodynamic Drag Force (N), Rotational Kinetic Energy (J), Kinetic Energy (J), ((Scalar*9.80665)*Z (m)), Total Mechanical Energy (J), Thrust Power (W), Drag Power (W)
0.000000,0.000000,0.000000,1400.000000,0.000000,0.000000,0.000000,0.704416,-0.061628,0.061628,-0.704416,0.000000,0.000000,0.000000,0.000000,0.000000,0.000000,0.000000,0.000000,0.000000,0.067176,1.815835,-0.064030,0.549535,-0.020646,0.000000,85598.771785,1.092303,0.000017,331.227425,5.000000,-0.181818,0.000000,0.000000,0.000000,0.000000,32.990254,-106.974998,0.000000,0.000000,13.671838,1.817078,0.064030,0.000000,0.000000,452461.931651,452461.931651,0.000000,-0.000000
0.600000,2.730454,-0.000032,1415.037658,9.743020,0.001724,52.574590,0.704754,-0.057938,0.057649,-0.704728,0.078419,-0.002987,0.000000,17.920275,0.034793,97.154838,0.303337,-0.011842,0.000000,0.324859,8.494098,-7.558131,2.626883,-0.102375,0.000000,85441.300709,1.090293,0.000017,331.227425,5.000000,-0.168148,53.469748,98.793724,9.743020,79.501163,32.990254,-106.974953,9.743020,-0.142391,1519.112174,8.500308,7.558131,0.024808,45776.510540,444370.191282,490146.701821,186098.342567,-404.131090
1.200000,11.426060,0.025936,1464.724816,18.289157,0.119259,112.727484,0.706415,-0.034435,0.032253,-0.706224,0.045784,-0.001709,0.000000,9.648452,0.347576,96.523073,-0.669416,0.027191,0.000000,-0.524571,-12.572630,-33.619805,-4.813712,0.195882,0.000000,84922.654788,1.083675,0.000017,331.227425,5.000000,-0.122977,114.201546,97.004727,18.289545,80.784312,32.990254,-106.974809,18.289545,-1.866503,6981.112954,12.583551,33.619805,0.007715,202220.185814,445437.982260,647658.168074,381950.849536,-3839.433722
1.800000,24.274759,0.150508,1549.267414,24.935211,0.265854,167.313852,0.705712,-0.045691,0.044636,-0.705613,0.042468,-0.001080,0.000000,9.520807,0.093476,61.401163,0.631327,-0.026015,0.000000,0.429760,11.115120,-73.581013,4.283593,-0.175418,0.000000,84046.040414,1.072489,0.000017,331.227425,5.000000,-0.046121,169.161935,62.134993,24.936628,81.522978,32.990255,-106.974596,24.936628,-0.665301,15224.746299,11.123425,73.581013,0.006024,430647.616676,457292.212812,887939.829488,378226.676749,-12447.106610
2.400000,39.626855,0.315499,1651.080637,25.556712,0.275145,166.658852,0.705694,-0.045884,0.044938,-0.705600,-0.031923,0.000417,0.000000,-0.076265,-0.014996,-12.222001,0.471302,-0.022539,0.000000,0.353240,7.018706,-72.156627,3.110595,-0.148760,0.000000,83000.088742,1.059142,0.000017,331.227425,5.000000,-0.000000,168.607218,12.222248,25.558193,81.281255,32.990257,-106.974342,25.558193,-0.593030,14932.745421,7.026435,72.156627,0.003364,426425.913979,485747.097914,912173.011892,-0.000000,-12166.128110
3.000000,54.920677,0.479502,1748.893758,25.380115,0.273281,159.413762,0.705753,-0.045202,0.044017,-0.705643,-0.044896,0.001571,0.000000,-0.301327,-0.004453,-11.958147,-0.010197,-0.002958,0.000000,0.023917,-0.840163,-65.169593,-0.067299,-0.019523,0.000000,82005.182872,1.046446,0.000017,331.227425,5.000000,-0.000000,161.421722,11.961944,25.381587,80.953399,32.990258,-106.974089,25.381587,-0.756407,13513.891365,0.902144,65.169593,0.006659,390854.593418,514523.669178,905378.262595,-0.000000,-10519.787921
3.600000,70.111228,0.642238,1842.400518,25.237846,0.270303,152.299138,0.705701,-0.046165,0.044827,-0.705582,-0.006755,0.000089,0.000000,-0.357748,0.000787,-11.736282,-0.192262,0.008285,0.000000,-0.135417,-3.209699,-58.787720,-1.268929,0.054679,0.000000,81063.129142,1.034425,0.000017,331.227425,5.000000,0.000000,154.376323,11.741733,25.239293,80.590357,32.990260,-106.973837,25.239293,-0.837728,12208.625591,3.211697,58.787720,0.000151,357480.738364,542033.311170,899514.049534,0.000000,-9075.432011
4.200000,85.204368,0.803862,1931.677573,25.091013,0.267850,145.308222,0.705481,-0.049362,0.048083,-0.705371,0.006967,-0.000869,0.000000,-0.228173,-0.003429,-11.556855,0.021103,0.000310,0.000000,0.006728,0.438386,-52.948753,0.139281,0.002048,0.000000,80171.884691,1.023052,0.000017,331.227425,5.000000,-0.000000,147.458842,11.559108,25.092443,80.202544,32.990261,-106.973587,25.092443,-0.747787,11007.114797,0.375394,52.948753,0.000163,326161.651438,568298.576244,894460.227682,-0.000000,-7807.761752
4.800000,100.210926,0.964238,2016.794277,24.935932,0.266463,138.431417,0.705328,-0.051512,0.050217,-0.705221,-0.017444,0.000106,0.000000,-0.201690,-0.004669,-11.380643,0.061722,-0.003291,0.000000,0.052593,0.787672,-47.599536,0.407364,-0.021721,0.000000,79329.577330,1.012303,0.000017,331.227425,5.000000,0.000000,140.659621,11.382431,24.937355,79.788129,32.990263,-106.973339,24.937355,-0.725171,9900.714597,0.785200,47.599536,0.001004,296776.934447,593339.867949,890116.802396,0.000000,-6695.332671
5.400000,115.135497,1.123428,2097.814835,24.805839,0.264577,131.654635,0.705232,-0.052937,0.051502,-0.705118,-0.012036,-0.000005,0.000000,-0.242880,-0.001768,-11.209313,-0.052317,0.002059,0.000000,-0.033877,-1.008753,-42.694173,-0.345293,0.013588,0.000000,78534.475915,1.002157,0.000017,331.227425,5.000000,0.000000,133.971425,11.211944,24.807250,79.329060,32.990264,-106.973092,24.807250,-0.782568,8881.759740,1.009941,42.694173,0.000478,269225.139306,617176.075603,886401.214909,0.000000,-5719.799169
6.000000,129.979915,1.281674,2174.798549,24.681927,0.262738,124.971951,0.704995,-0.056024,0.054579,-0.704886,-0.007885,-0.000377,0.000000,-0.190490,-0.003140,-11.065436,0.020184,-0.000699,0.000000,0.015913,0.243927,-38.192858,0.133212,-0.004613,0.000000,77784.981051,0.992593,0.000017,331.227425,5.000000,0.000000,127.386243,11.067076,24.683325,78.827262,32.990266,-106.972846,24.683325,-0.744289,7943.441769,0.251141,38.192858,0.000206,243408.825271,639824.645804,883233.471075,0.000000,-4865.244755
6.600000,144.752733,1.438884,2247.798815,24.560113,0.261360,118.376333,0.704811,-0.058372,0.056836,-0.704700,-0.017007,0.000009,0.000000,-0.195096,-0.002471,-10.925177,-0.008526,-0.000003,0.000000,-0.000057,-0.326136,-34.060940,-0.056274,-0.000018,0.000000,77079.628476,0.983592,0.000017,331.227425,5.000000,0.000000,120.897575,10.926919,24.561504,78.278215,32.990267,-106.972601,24.561504,-0.759534,7079.710981,0.327208,34.060940,0.000954,219243.356630,661301.287555,880544.644186,0.000000,-4117.885000
7.200000,159.456064,1.595200,2316.865545,24.452698,0.259717,111.858636,0.704553,-0.061487,0.059877,-0.704442,-0.011676,-0.000326,0.000000,-0.177283,-0.002362,-10.799897,-0.001542,0.000092,0.000000,0.001771,-0.144782,-30.268078,-0.010176,0.000610,0.000000,76417.059833,0.975137,0.000017,331.227425,5.000000,-0.000000,114.500464,10.801352,24.454077,77.668245,32.990268,-106.972358,24.454077,-0.755789,6285.164428,0.142756,30.268078,0.000450,196655.343862,681620.685025,878276.028887,-0.000000,-3465.708945
7.800000,174.095479,1.750650,2382.044020,24.346305,0.258453,105.414569,0.704271,-0.064711,0.063015,-0.704161,-0.018451,-0.000115,0.000000,-0.168543,-0.002251,-10.683556,-0.003853,-0.000122,0.000000,0.003158,-0.241297,-26.787685,-0.025427,-0.000808,0.000000,75796.028849,0.967213,0.000017,331.227425,5.000000,-0.000000,108.189837,10.684886,24.347676,76.994424,32.990270,-106.972115,24.347676,-0.756529,5554.980921,0.241317,26.787685,0.001123,175575.612569,700796.159771,876371.772340,-0.000000,-2898.155243
8.400000,188.674254,1.905300,2443.376113,24.250903,0.257062,99.036325,0.703924,-0.068482,0.066690,-0.703813,-0.016658,-0.000316,0.000000,-0.155469,-0.002118,-10.577697,-0.001654,-0.000052,0.000000,0.003707,-0.177237,-23.596353,-0.010919,-0.000343,0.000000,75215.385093,0.959803,0.000017,331.227425,5.000000,0.000000,101.962572,10.578839,24.252265,76.240049,32.990271,-106.971874,24.252265,-0.754815,4884.849209,0.177276,23.596353,0.000916,155945.491888,718840.030856,874785.522744,0.000000,-2405.944791
9.000000,203.196902,2.059185,2500.899999,24.158566,0.255909,92.719779,0.703531,-0.072510,0.070604,-0.703420,-0.021568,-0.000220,0.000000,-0.148787,-0.001898,-10.479587,-0.007479,0.000038,0.000000,0.001202,-0.307217,-20.673478,-0.049363,0.000248,0.000000,74674.072794,0.952896,0.000017,331.227425,5.000000,0.000000,95.815756,10.480643,24.159921,75.395239,32.990272,-106.971634,24.159921,-0.758723,4270.912884,0.307220,20.673478,0.001535,137709.889322,735763.529393,873473.418716,0.000000,-1980.844955
9.600000,217.666218,2.212379,2554.650933,24.073905,0.254734,86.458816,0.703028,-0.077347,0.075330,-0.702918,-0.023011,-0.000333,0.000000,-0.135262,-0.001923,-10.391271,-0.001123,-0.000221,0.000000,0.006356,-0.198484,-18.000935,-0.007412,-0.001460,0.000000,74171.119943,0.946478,0.000017,331.227425,5.000000,0.000000,89.748229,10.392152,24.075253,74.439650,32.990274,-106.971394,24.075253,-0.752666,3709.721206,0.198586,18.000935,0.001748,120821.170785,751577.027121,872398.197906,0.000000,-1615.552042
10.200000,232.086530,2.364893,2604.660843,23.994278,0.253675,80.249125,0.702455,-0.082532,0.080361,-0.702344,-0.026357,-0.000359,0.000000,-0.129993,-0.001640,-10.308989,-0.009223,0.000064,0.000000,0.001510,-0.347777,-15.562778,-0.060872,0.000422,0.000000,73705.638914,0.940538,0.000017,331.227425,5.000000,-0.000000,83.759846,10.309809,23.995619,73.352594,32.990275,-106.971155,23.995619,-0.759140,3198.189564,0.347780,15.562778,0.002293,105235.678844,766289.917747,871525.596591,-0.000000,-1303.535872
10.800000,246.460246,2.516805,2650.959244,23.919145,0.252700,74.086240,0.701717,-0.088728,0.086406,-0.701608,-0.031464,-0.000378,0.000000,-0.119872,-0.001630,-10.235288,-0.006744,-0.000157,0.000000,0.005220,-0.325442,-13.348653,-0.044513,-0.001039,0.000000,73276.815141,0.935066,0.000017,331.227425,5.000000,0.000000,77.852170,10.235990,23.920479,72.106110,32.990277,-106.970917,23.920479,-0.755258,2733.555995,0.325484,13.348653,0.003267,90914.407929,779910.884093,870825.292021,0.000000,-1039.221613
11.400000,260.790723,2.668135,2693.572754,23.849940,0.251743,67.965519,0.700805,-0.095845,0.093338,-0.700695,-0.035440,-0.000494,0.000000,-0.111659,-0.001527,-10.168009,-0.008051,-0.000164,0.000000,0.005848,-0.355564,-11.341045,-0.053139,-0.001085,0.000000,72883.909053,0.930052,0.000017,331.227425,5.000000,0.000000,72.029124,10.168623,23.851269,70.662401,32.990278,-106.970680,23.851269,-0.754712,2313.362075,0.355612,11.341045,0.004146,77822.925611,792447.757526,870270.683137,0.000000,-816.885563
12.000000,275.080936,2.818916,2732.525606,23.784664,0.250877,61.883474,0.699670,-0.104018,0.101286,-0.699559,-0.041845,-0.000562,0.000000,-0.105872,-0.001372,-10.106523,-0.012991,-0.000091,0.000000,0.004713,-0.457963,-9.529496,-0.085743,-0.000600,0.000000,72526.249105,0.925488,0.000017,331.227425,5.000000,-0.000000,66.297341,10.107077,23.785987,68.974871,32.990279,-106.970443,23.785987,-0.757796,1935.422020,0.457988,9.529496,0.005779,65930.067756,803907.667141,869837.734897,-0.000000,-631.780217
12.600000,289.333075,2.969200,2767.839915,23.723151,0.250075,55.836396,0.698185,-0.113791,0.110807,-0.698076,-0.050395,-0.000641,0.000000,-0.099006,-0.001316,-10.051442,-0.015137,-0.000195,0.000000,0.006617,-0.517335,-7.904849,-0.099906,-0.001284,0.000000,72203.227312,0.921366,0.000017,331.227425,5.000000,0.000000,60.667566,10.051930,23.724469,66.979724,32.990281,-106.970207,23.724469,-0.756508,1597.796580,0.517377,7.904849,0.008382,55208.311375,814297.119064,869505.430438,0.000000,-479.567918
13.200000,303.549544,3.119011,2799.535537,23.665716,0.249299,49.820630,0.696230,-0.125480,0.122198,-0.696122,-0.060243,-0.000791,0.000000,-0.092744,-0.001264,-10.001953,-0.018236,-0.000289,0.000000,0.008617,-0.591073,-6.459264,-0.120357,-0.001908,0.000000,71914.298789,0.917679,0.000017,331.227425,5.000000,-0.000000,55.156354,10.002383,23.667029,64.590190,32.990282,-106.969972,23.667029,-0.754870,1298.775363,0.591136,6.459264,0.011978,45633.363438,823621.955090,869255.318528,-0.000000,-356.269468
13.800000,317.732572,3.268367,2827.630306,23.611509,0.248564,43.833102,0.693630,-0.139480,0.135827,-0.693521,-0.072895,-0.000977,0.000000,-0.088225,-0.001185,-9.957239,-0.024427,-0.000331,0.000000,0.009732,-0.720840,-5.186158,-0.161215,-0.002187,0.000000,71658.978004,0.914421,0.000017,331.227425,5.000000,-0.000000,49.788611,9.957630,23.612817,61.688733,32.990283,-106.969737,23.612817,-0.755638,1036.857485,0.720906,5.186158,0.017538,37183.606332,831887.422346,869071.028679,-0.000000,-258.211588
14.400000,331.883813,3.417296,2852.140346,23.559620,0.247874,37.871048,0.690080,-0.156518,0.152414,-0.689971,-0.089957,-0.001196,0.000000,-0.084881,-0.001122,-9.916993,-0.032717,-0.000409,0.000000,0.011417,-0.892053,-4.080133,-0.215933,-0.002703,0.000000,71436.834640,0.911586,0.000017,331.227425,5.000000,-0.000000,44.601944,9.917356,23.560923,58.112790,32.990285,-106.969503,23.560923,-0.756708,810.735996,0.892126,4.080133,0.026709,29840.027714,839098.263794,868938.291509,-0.000000,-181.981851
15.000000,346.004469,3.565821,2873.080148,23.509484,0.247211,31.931906,0.685095,-0.177575,0.172918,-0.684987,-0.112538,-0.001480,0.000000,-0.082357,-0.001090,-9.880767,-0.042887,-0.000549,0.000000,0.014195,-1.099403,-3.136969,-0.283053,-0.003622,0.000000,71247.491625,0.909170,0.000017,331.227425,5.000000,0.000000,39.653533,9.881110,23.510783,53.636598,32.990286,-106.969269,23.510783,-0.756713,619.284978,1.099495,3.136969,0.041801,23586.094314,845258.743082,868844.837396,0.000000,-124.391920
15.600000,360.095443,3.713953,2890.462781,23.460600,0.246563,26.013499,0.677941,-0.203808,0.198468,-0.677835,-0.142013,-0.001862,0.000000,-0.080745,-0.001074,-9.847702,-0.055927,-0.000732,0.000000,0.017794,-1.358612,-2.353627,-0.369118,-0.004832,0.000000,71090.622317,0.907168,0.000017,331.227425,5.000000,0.000000,35.030878,9.848033,23.461895,47.952312,32.990287,-106.969036,23.461895,-0.756124,461.547480,1.358729,2.353627,0.066564,18407.506699,850372.705078,868780.211777,0.000000,-82.449629
16.200000,374.157334,3.861698,2904.300182,23.412454,0.245923,20.114256,0.667478,-0.236602,0.230407,-0.667376,-0.180388,-0.002365,0.000000,-0.079812,-0.001066,-9.816684,-0.072651,-0.000961,0.000000,0.022234,-1.684441,-1.728269,-0.479496,-0.006344,0.000000,70965.946936,0.905577,0.000017,331.227425,5.000000,0.000000,30.867238,9.817009,23.413746,40.665173,32.990289,-106.968803,23.413746,-0.755495,336.721756,1.684588,1.728269,0.107399,14291.908874,854443.661287,868735.570162,0.000000,-53.346873
16.800000,388.190502,4.009062,2914.603554,23.364874,0.245290,14.233331,0.651928,-0.277545,0.270285,-0.651829,-0.229968,-0.003015,0.000000,-0.078635,-0.001052,-9.786405,-0.093237,-0.001235,0.000000,0.027552,-2.084796,-1.260231,-0.615363,-0.008150,0.000000,70873.228300,0.904394,0.000017,331.227425,5.000000,0.000000,27.359919,9.786721,23.366162,31.347379,32.990290,-106.968570,23.366162,-0.754943,244.148615,2.084978,1.260231,0.174552,11228.652946,857474.908202,868703.561147,0.000000,-34.479811
17.400000,402.195413,4.156048,2921.383859,23.318447,0.244669,8.370790,0.628565,-0.328221,0.319641,-0.628472,-0.293081,-0.003849,0.000000,-0.075651,-0.001014,-9.755017,-0.117841,-0.001560,0.000000,0.034076,-2.578374,-0.949941,-0.777749,-0.010294,0.000000,70812.266789,0.903616,0.000017,331.227425,5.000000,-0.000000,24.776604,9.755310,23.319730,19.745934,32.990291,-106.968339,23.319730,-0.754553,183.296481,2.578599,0.949941,0.283506,9208.482805,859469.670666,868678.153470,-0.000000,-23.536286
18.000000,416.173225,4.302672,2924.652264,23.275008,0.244087,2.528112,0.593314,-0.389779,0.379593,-0.593228,-0.372356,-0.004897,0.000000,-0.067991,-0.000911,-9.719687,-0.147244,-0.001942,0.000000,0.042370,-3.213988,-0.798203,-0.971811,-0.012819,0.000000,70782.895835,0.903241,0.000017,331.227425,5.000000,0.000000,23.413181,9.719925,23.276287,6.198775,32.990293,-106.968107,23.276287,-0.754393,153.743782,3.214267,0.798203,0.457621,8223.111104,860431.233791,868654.344896,0.000000,-18.688462
18.600000,430.126907,4.448973,2924.421770,23.239166,0.243607,-3.291949,0.540291,-0.462182,0.450106,-0.540215,-0.470241,-0.006187,0.000000,-0.048945,-0.000658,-9.680197,-0.178229,-0.002348,0.000000,0.039639,-3.971761,-0.795213,-1.176311,-0.015499,0.000000,70784.966808,0.903268,0.000017,331.227425,5.000000,-0.000000,23.472432,9.680469,23.240443,-8.062170,32.990294,-106.967876,23.240443,-0.754336,155.164810,3.984614,0.795213,0.729844,8265.053920,860363.422536,868628.476456,-0.000000,-18.625278
19.200000,444.063654,4.595045,2920.705951,23.218886,0.243332,-9.089408,0.462037,-0.542343,0.528174,-0.461972,-0.581330,-0.007651,0.000000,-0.110154,-0.001479,-9.516267,-0.181085,-0.002388,0.000000,-4.183238,-4.330474,2.474982,-1.195159,-0.015762,0.000000,70818.359932,0.903694,0.000017,331.227425,5.000000,-0.000000,24.935517,9.566597,23.220161,-21.378953,32.990295,-106.967645,23.220161,-0.754334,187.325510,8.514174,-2.474982,1.115395,9327.610673,859270.230349,868597.841022,-0.000000,70.149987
19.800000,457.992091,4.741005,2913.513235,23.073986,0.241391,-14.680491,0.359928,-0.616647,0.600537,-0.359879,-0.666321,-0.008774,0.000000,-4.823743,-0.064424,-2.722983,0.007756,0.000103,0.000000,-206.357998,-2.505844,167.529492,0.051192,0.000680,0.000000,70883.035291,0.904519,0.000017,331.227425,5.000000,0.000000,27.349304,5.169937,23.075248,-32.464500,32.990297,-106.967415,23.075248,-0.754361,245.235349,206.122898,-167.529492,1.465401,11221.233328,857154.136839,868375.370168,0.000000,4582.810875
20.400000,471.080119,4.875738,2904.139394,20.623999,0.208670,-16.527180,0.359899,-0.616665,0.600555,-0.359850,-0.666336,-0.008774,0.000000,-3.742889,-0.049989,-2.915498,-0.000338,-0.000004,0.000000,-160.207070,-2.150576,169.643273,-0.002229,-0.000030,0.000000,70967.394621,0.905596,0.000017,331.227425,5.000000,-0.000000,26.429915,4.758318,20.625055,-38.705734,32.990298,-106.967199,20.625055,-0.754361,234.232425,160.232395,-169.643273,1.465467,10479.569139,854396.357689,864875.926827,-0.000000,4483.097764
21.000000,482.810649,4.992340,2893.725040,18.529950,0.180702,-18.149700,0.359900,-0.616665,0.600554,-0.359851,-0.666336,-0.008774,0.000000,-3.241991,-0.043299,-2.517183,-0.000026,-0.000000,0.000000,-138.820526,-1.854894,186.249202,-0.000173,-0.000002,0.000000,71061.213306,0.906793,0.000017,331.227425,5.000000,-0.000000,25.938452,4.105759,18.530832,-44.404682,32.990299,-106.967004,18.530832,-0.754361,232.367369,138.833762,-186.249202,1.465465,10093.514476,851332.459966,861425.974442,-0.000000,4830.951298
21.600000,493.371056,5.093315,2882.404953,16.712047,0.156423,-19.546337,0.359900,-0.616665,0.600554,-0.359851,-0.666336,-0.008774,0.000000,-2.828760,-0.037780,-2.142139,-0.000000,-0.000000,0.000000,-121.178138,-1.618426,202.235427,-0.000001,-0.000000,0.000000,71163.305261,0.908096,0.000017,331.227425,5.000000,-0.000000,25.717237,3.548535,16.712779,-49.468438,32.990300,-106.966829,16.712779,-0.754361,235.766959,121.188948,-202.235427,1.465465,9922.109747,848002.095971,857924.205718,-0.000000,5200.936076
22.200000,502.911075,5.180662,2870.313173,15.122577,0.135194,-20.724076,0.359900,-0.616665,0.600554,-0.359851,-0.666336,-0.008774,0.000000,-2.477320,-0.033086,-1.788101,0.000001,0.000000,0.000000,-106.171960,-1.417975,217.365147,0.000006,0.000000,0.000000,71272.488005,0.909489,0.000017,331.227425,5.000000,0.000000,25.655358,3.055369,15.123181,-53.880268,32.990300,-106.966672,15.123181,-0.754361,241.911117,106.181400,-217.365147,1.465465,9874.425786,844444.700254,854319.126040,0.000000,5576.585792
22.800000,511.557714,5.256077,2857.576769,13.730499,0.116602,-21.698402,0.359900,-0.616665,0.600554,-0.359851,-0.666336,-0.008774,0.000000,-2.169118,-0.028970,-1.465562,-0.000000,-0.000000,0.000000,-93.008249,-1.242198,231.159301,-0.000001,-0.000000,0.000000,71387.638014,0.910958,0.000017,331.227425,5.000000,-0.000000,25.678011,2.617981,13.730994,-57.673901,32.990301,-106.966529,13.730994,-0.754361,249.172261,93.016549,-231.159301,1.465465,9891.869451,840697.656724,850589.526175,-0.000000,5935.712243
23.400000,519.422503,5.321049,2844.311574,12.512892,0.100340,-22.490459,0.359900,-0.616665,0.600554,-0.359851,-0.666336,-0.008774,0.000000,-1.894620,-0.025304,-1.181442,-0.000000,-0.000000,0.000000,-81.279242,-1.085544,243.316103,-0.000000,-0.000000,0.000000,71507.728939,0.912491,0.000017,331.227425,5.000000,-0.000000,25.737194,2.232942,12.513294,-60.909211,32.990302,-106.966398,12.513294,-0.754361,256.535016,81.286491,-243.316103,1.465465,9937.513117,836795.043016,846732.556133,-0.000000,6262.273882
24.000000,526.604379,5.376901,2830.619872,11.451089,0.086159,-23.124257,0.359900,-0.616665,0.600554,-0.359851,-0.666336,-0.008774,0.000000,-1.649094,-0.022025,-0.938305,-0.000000,-0.000000,0.000000,-70.783099,-0.945360,253.725687,-0.000000,-0.000000,0.000000,71631.852581,0.914075,0.000017,331.227425,5.000000,-0.000000,25.804377,1.897475,11.451413,-63.654827,32.990302,-106.966279,11.451413,-0.754361,263.415723,70.789412,-253.725687,1.465465,9989.453356,832766.950989,842756.404345,-0.000000,6547.233709
24.600000,533.191703,5.424813,2816.589334,10.528608,0.073839,-23.624317,0.359900,-0.616665,0.600554,-0.359851,-0.666336,-0.008774,0.000000,-1.430085,-0.019100,-0.735004,0.000000,0.000000,0.000000,-61.415562,-0.820250,262.434969,0.000000,0.000000,0.000000,71759.228911,0.915700,0.000017,331.227425,5.000000,0.000000,25.864358,1.608023,10.528866,-65.978466,32.990303,-106.966170,10.528866,-0.754361,269.526656,61.421039,-262.434969,1.465465,10035.940607,828639.173646,838675.114253,0.000000,6787.711936
25.200000,539.263460,5.465838,2802.293135,9.730052,0.063173,-24.013607,0.359900,-0.616665,0.600554,-0.359851,-0.666336,-0.008774,0.000000,-1.235794,-0.016505,-0.568274,-0.000000,-0.000000,0.000000,-53.100635,-0.709198,269.581937,-0.000000,-0.000000,0.000000,71889.205623,0.917359,0.000017,331.227425,5.000000,-0.000000,25.910048,1.360291,9.730257,-67.942332,32.990303,-106.966070,9.730257,-0.754361,274.762701,53.105371,-269.581937,1.465465,10071.424384,824433.239291,834504.663675,-0.000000,6984.880713
25.800000,544.889683,5.500913,2787.791331,9.041066,0.053971,-24.312728,0.359900,-0.616665,0.600554,-0.359851,-0.666336,-0.008774,0.000000,-1.064536,-0.014218,-0.433695,0.000000,0.000000,0.000000,-45.767255,-0.611255,275.354310,0.000000,0.000000,0.000000,72021.246340,0.919044,0.000017,331.227425,5.000000,0.000000,25.939390,1.149577,9.041227,-69.601241,32.990303,-106.965977,9.041227,-0.754361,279.132492,45.771337,-275.354310,1.465465,10094.244520,820166.815741,830261.060262,0.000000,7142.522189
26.400000,550.132025,5.530862,2773.132505,8.448366,0.046055,-24.539534,0.359900,-0.616665,0.600554,-0.359851,-0.666336,-0.008774,0.000000,-0.914535,-0.012214,-0.326462,-0.000000,-0.000000,0.000000,-39.340359,-0.525419,279.956640,-0.000000,-0.000000,0.000000,72154.916272,0.920749,0.000017,331.227425,5.000000,-0.000000,25.953139,0.971133,8.448492,-71.002400,32.990304,-106.965890,8.448492,-0.754361,282.707667,39.343867,-279.956640,1.465465,10104.946823,815854.196330,825959.143154,-0.000000,7265.753274
27.000000,555.044640,5.556406,2758.355570,7.939750,0.039263,-24.709061,0.359900,-0.616665,0.600554,-0.359851,-0.666336,-0.008774,0.000000,-0.783898,-0.010470,-0.241911,0.000000,0.000000,0.000000,-33.739877,-0.450621,283.587877,0.000000,0.000000,0.000000,72289.866464,0.922471,0.000017,331.227425,5.000000,0.000000,25.953380,0.820440,7.939847,-72.186065,32.990304,-106.965809,7.939847,-0.754361,285.588098,33.742886,-283.587877,1.465465,10105.134605,811506.829521,821611.964126,0.000000,7360.063216
27.600000,559.674454,5.578173,2743.490892,7.504210,0.033446,-24.833562,0.359900,-0.616665,0.600554,-0.359851,-0.666336,-0.008774,0.000000,-0.670679,-0.008957,-0.175843,-0.000000,-0.000000,0.000000,-28.883245,-0.385757,286.427210,-0.000000,-0.000000,0.000000,72425.824068,0.924206,0.000017,331.227425,5.000000,-0.000000,25.942630,0.693406,7.504284,-73.186067,32.990304,-106.965731,7.504284,-0.754361,287.880066,28.885821,-286.427210,1.465465,10096.766388,807133.648798,817230.415186,-0.000000,7430.675214
28.200000,564.062401,5.596710,2728.562446,7.131843,0.028472,-24.923042,0.359900,-0.616665,0.600554,-0.359851,-0.666336,-0.008774,0.000000,-0.572952,-0.007652,-0.124591,-0.000000,-0.000000,0.000000,-24.688679,-0.329735,288.631329,-0.000000,-0.000000,0.000000,72562.573249,0.925951,0.000017,331.227425,5.000000,-0.000000,25.923386,0.586391,7.131900,-74.031163,32.990304,-106.965659,7.131900,-0.754361,289.685476,24.690881,-288.631329,1.465465,10081.794402,802741.707279,812823.501681,-0.000000,7482.301222
28.800000,568.243696,5.612487,2713.588775,6.813920,0.024226,-24.985428,0.359900,-0.616665,0.600554,-0.359851,-0.666336,-0.008774,0.000000,-0.488874,-0.006529,-0.085077,0.000000,0.000000,0.000000,-21.077872,-0.281510,290.331886,0.000000,0.000000,0.000000,72699.946653,0.927704,0.000017,331.227425,5.000000,0.000000,25.897904,0.496263,6.813963,-74.745407,32.990304,-106.965590,6.813963,-0.754361,291.096077,21.079752,-290.331886,1.465465,10061.986988,798336.460770,808398.447758,0.000000,7518.987228
29.400000,572.248598,5.625909,2698.584160,6.542785,0.020605,-25.026970,0.359900,-0.616665,0.600554,-0.359851,-0.666336,-0.008774,0.000000,-0.416735,-0.005566,-0.054775,-0.000000,-0.000000,0.000000,-17.977949,-0.240109,291.636992,-0.000000,-0.000000,0.000000,72837.815108,0.929464,0.000017,331.227425,5.000000,-0.000000,25.868079,0.420355,6.542817,-75.349031,32.990304,-106.965523,6.542817,-0.754361,292.190655,17.979552,-291.636992,1.465465,10038.828157,793922.110541,803960.938698,-0.000000,7544.088757
30.000000,576.103126,5.637321,2683.559593,6.311753,0.017519,-25.052565,0.359900,-0.616665,0.600554,-0.359851,-0.666336,-0.008774,0.000000,-0.354972,-0.004741,-0.031643,0.000000,0.000000,0.000000,-15.322332,-0.204641,292.634145,0.000000,0.000000,0.000000,72976.078941,0.931228,0.000017,331.227425,5.000000,0.000000,25.835432,0.356411,6.311777,-75.859116,32.990305,-106.965459,6.311777,-0.754361,293.035079,15.323699,-292.634145,1.465465,10013.508583,789501.890568,799515.399151,0.000000,7560.329540
30.600000,579.829610,5.647024,2668.523485,6.115017,0.014892,-25.066020,0.359900,-0.616665,0.600554,-0.359851,-0.666336,-0.008774,0.000000,-0.302179,-0.004036,-0.014050,0.000000,0.000000,0.000000,-13.051074,-0.174307,293.393191,0.000000,0.000000,0.000000,73114.661677,0.932996,0.000017,331.227425,5.000000,0.000000,25.801143,0.302532,6.115035,-76.290080,32.990305,-106.965397,6.115035,-0.754361,293.683373,13.052237,-293.393191,1.465465,9986.950472,785078.275107,795065.225579,0.000000,7569.879790
31.200000,583.447137,5.655272,2653.482239,5.947565,0.012655,-25.070272,0.359900,-0.616665,0.600554,-0.359851,-0.666336,-0.008774,0.000000,-0.257110,-0.003434,-0.000711,-0.000000,-0.000000,0.000000,-11.110982,-0.148395,293.969288,-0.000000,-0.000000,0.000000,73253.504908,0.934768,0.000017,331.227425,5.000000,-0.000000,25.766103,0.257132,5.947578,-76.654086,32.990305,-106.965338,5.947578,-0.754361,294.179187,11.111973,-293.969288,1.465465,9959.846615,780653.147915,790612.994530,-0.000000,7574.443088
31.800000,586.971821,5.662279,2638.440586,5.805129,0.010753,-25.067523,0.359900,-0.616665,0.600554,-0.359851,-0.666336,-0.008774,0.000000,-0.218682,-0.002921,0.009353,0.000000,0.000000,0.000000,-9.455806,-0.126289,294.404409,0.000000,0.000000,0.000000,73392.565309,0.936543,0.000017,331.227425,5.000000,0.000000,25.730922,0.218901,5.805139,-76.961281,32.990305,-106.965279,5.805139,-0.754361,294.556254,9.456649,-294.404409,1.465465,9932.670914,776227.901188,786160.572102,0.000000,7575.296985
32.400000,590.417615,5.668233,2623.402209,5.683997,0.009135,-25.059506,0.359900,-0.616665,0.600554,-0.359851,-0.666336,-0.008774,0.000000,-0.185939,-0.002483,0.016921,0.000000,0.000000,0.000000,-8.044688,-0.107443,294.732091,0.000000,0.000000,0.000000,73531.809044,0.938319,0.000017,331.227425,5.000000,0.000000,25.696044,0.186723,5.684004,-77.220386,32.990305,-106.965222,5.684004,-0.754361,294.841888,8.045406,-294.732091,1.465465,9905.765925,771803.618086,781709.384011,0.000000,7573.448930
33.000000,593.796323,5.673291,2608.369880,5.581011,0.007760,-25.047539,0.359900,-0.616665,0.600554,-0.359851,-0.666336,-0.008774,0.000000,-0.158059,-0.002111,0.022602,-0.000000,-0.000000,0.000000,-6.842424,-0.091386,294.978453,-0.000000,-0.000000,0.000000,73671.210486,0.940098,0.000017,331.227425,5.000000,-0.000000,25.661779,0.159681,5.581017,-77.438723,32.990305,-106.965166,5.581017,-0.754361,295.057739,6.843034,-294.978453,1.465465,9879.368951,767381.114410,777260.483361,-0.000000,7569.671840
33.600000,597.117965,5.677587,2593.345666,5.493484,0.006591,-25.032618,0.359900,-0.616665,0.600554,-0.359851,-0.666336,-0.008774,0.000000,-0.134334,-0.001794,0.026849,0.000000,0.000000,0.000000,-5.818740,-0.077714,295.162997,0.000000,0.000000,0.000000,73810.750416,0.941879,0.000017,331.227425,5.000000,0.000000,25.628312,0.137001,5.493488,-77.622468,32.990305,-106.965111,5.493488,-0.754361,295.220416,5.819259,-295.162997,1.465465,9853.620739,762960.998185,772814.618924,0.000000,7564.529296
34.200000,600.391161,5.681236,2578.331122,5.419096,0.005597,-25.015499,0.359900,-0.616665,0.600554,-0.359851,-0.666336,-0.008774,0.000000,-0.114149,-0.001525,0.030019,0.000000,0.000000,0.000000,-4.947314,-0.066075,295.301055,0.000000,0.000000,0.000000,73950.414260,0.943661,0.000017,331.227425,5.000000,0.000000,25.595738,0.118036,5.419099,-77.776903,32.990305,-106.965057,5.419099,-0.754361,295.342737,4.947755,-295.301055,1.465465,9828.592293,758543.727072,768372.319365,0.000000,7558.448539
34.800000,603.623171,5.684334,2563.327370,5.355887,0.004753,-24.996733,0.359900,-0.616665,0.600554,-0.359851,-0.666336,-0.008774,0.000000,-0.096983,-0.001295,0.032400,-0.000000,-0.000000,0.000000,-4.205772,-0.056171,295.405056,-0.000000,-0.000000,0.000000,74090.191413,0.945445,0.000017,331.227425,5.000000,-0.000000,25.564081,0.102273,5.355889,-77.906456,32.990305,-106.965004,5.355889,-0.754361,295.434173,4.206147,-295.405056,1.465465,9804.298738,754129.630514,763933.929251,-0.000000,7551.758146
35.400000,606.820151,5.686965,2548.335251,5.302195,0.004036,-24.976743,0.359900,-0.616665,0.600554,-0.359851,-0.666336,-0.008774,0.000000,-0.082391,-0.001100,0.034111,0.000000,0.000000,0.000000,-3.575037,-0.047747,295.480100,0.000000,0.000000,0.000000,74230.073787,0.947230,0.000017,331.227425,5.000000,0.000000,25.533331,0.089175,5.302197,-78.014868,32.990305,-106.964950,5.302197,-0.754361,295.502094,3.575356,-295.480100,1.465465,9780.730490,749718.956708,759499.687197,0.000000,7544.591487
36.000000,609.987352,5.689198,2533.355403,5.256599,0.003427,-24.955853,0.359900,-0.616665,0.600554,-0.359851,-0.666336,-0.008774,0.000000,-0.069991,-0.000935,0.035283,0.000000,0.000000,0.000000,-3.038745,-0.040585,295.531817,0.000000,0.000000,0.000000,74370.055189,0.949016,0.000017,331.227425,5.000000,0.000000,25.503459,0.078326,5.256600,-78.105326,32.990305,-106.964898,5.256600,-0.754361,295.552271,3.039016,-295.531817,1.465465,9757.861634,745311.892761,755069.754395,0.000000,7537.086451
36.600000,613.129224,5.691093,2518.388285,5.217894,0.002910,-24.934301,0.359900,-0.616665,0.600554,-0.359851,-0.666336,-0.008774,0.000000,-0.059458,-0.000794,0.036422,-0.000000,-0.000000,0.000000,-2.582969,-0.034497,295.582297,-0.000000,-0.000000,0.000000,74510.131027,0.950804,0.000017,331.227425,5.000000,-0.000000,25.474415,0.069781,5.217894,-78.180521,32.990305,-106.964846,5.217894,-0.754361,295.589063,2.583199,-295.582297,1.465465,9735.652378,740908.574107,750644.226485,-0.000000,7529.783378
37.200000,616.249700,5.692702,2503.434264,5.185011,0.002471,-24.912284,0.359900,-0.616665,0.600554,-0.359851,-0.666336,-0.008774,0.000000,-0.050506,-0.000675,0.037405,-0.000000,-0.000000,0.000000,-2.195341,-0.029320,295.626065,-0.000000,-0.000000,0.000000,74650.297570,0.952592,0.000017,331.227425,5.000000,-0.000000,25.446143,0.063020,5.185012,-78.242837,32.990305,-106.964794,5.185012,-0.754361,295.616069,2.195537,-295.626065,1.465465,9714.058713,736509.108609,746223.167321,-0.000000,7522.533405
37.800000,619.352000,5.694068,2488.493585,5.157079,0.002098,-24.889939,0.359900,-0.616665,0.600554,-0.359851,-0.666336,-0.008774,0.000000,-0.042897,-0.000573,0.036808,0.000000,0.000000,0.000000,-1.865692,-0.024918,295.600560,0.000000,0.000000,0.000000,74790.552200,0.954382,0.000017,331.227425,5.000000,0.000000,25.418586,0.056296,5.157079,-78.294215,32.990305,-106.964743,5.157079,-0.754361,295.635894,1.865858,-295.600560,1.465465,9693.033247,732113.568439,741806.601687,0.000000,7513.763465
38.400000,622.438892,5.695229,2473.566419,5.133345,0.001781,-24.867363,0.359900,-0.616665,0.600554,-0.359851,-0.666336,-0.008774,0.000000,-0.036429,-0.000487,0.036437,0.000000,0.000000,0.000000,-1.585299,-0.021173,295.585075,0.000000,0.000000,0.000000,74930.892989,0.956173,0.000017,331.227425,5.000000,0.000000,25.391671,0.051130,5.133345,-78.336322,32.990305,-106.964692,5.133345,-0.754361,295.650292,1.585441,-295.585075,1.465465,9672.519625,727722.003765,737394.523389,0.000000,7505.428700
39.000000,625.512657,5.696214,2458.652857,5.113188,0.001512,-24.844605,0.359900,-0.616665,0.600554,-0.359851,-0.666336,-0.008774,0.000000,-0.030936,-0.000413,0.041613,-0.000000,-0.000000,0.000000,-1.347028,-0.017991,295.813328,-0.000000,-0.000000,0.000000,75071.318749,0.957965,0.000017,331.227425,5.000000,-0.000000,25.365313,0.052600,5.113188,-78.370519,32.990305,-106.964641,5.113188,-0.754361,295.660098,1.347148,-295.813328,1.465465,9652.451978,723334.441340,732986.893318,-0.000000,7503.325404
39.600000,628.575265,5.697050,2443.752972,5.096074,0.001283,-24.821735,0.359900,-0.616665,0.600554,-0.359851,-0.666336,-0.008774,0.000000,-0.026268,-0.000351,0.042200,-0.000000,-0.000000,0.000000,-1.144459,-0.015285,295.840005,-0.000000,-0.000000,0.000000,75211.828466,0.959758,0.000017,331.227425,5.000000,-0.000000,25.339465,0.050359,5.096075,-78.397997,32.990305,-106.964590,5.096075,-0.754361,295.666674,1.144561,-295.840005,1.465465,9632.792905,718950.902350,728583.695256,-0.000000,7496.350924
40.200000,631.628414,5.697760,2428.866820,5.081541,0.001089,-24.798824,0.359900,-0.616665,0.600554,-0.359851,-0.666336,-0.008774,0.000000,-0.022295,-0.000298,0.022169,0.000000,0.000000,0.000000,-0.971919,-0.012981,294.961031,0.000000,0.000000,0.000000,75352.421248,0.961552,0.000017,331.227425,5.000000,0.000000,25.314101,0.028191,5.081541,-78.419792,32.990305,-106.964540,5.081541,-0.754361,295.671558,0.972005,-294.961031,1.465465,9613.521009,714571.403936,724184.924945,0.000000,7466.964617
40.800000,634.673523,5.698362,2413.994440,5.069201,0.000924,-24.775806,0.359900,-0.616665,0.600554,-0.359851,-0.666336,-0.008774,0.000000,-0.018934,-0.000253,0.040188,-0.000000,-0.000000,0.000000,-0.825873,-0.011030,295.753537,-0.000000,-0.000000,0.000000,75493.096391,0.963347,0.000017,331.227425,5.000000,-0.000000,25.289076,0.044610,5.069201,-78.436711,32.990305,-106.964489,5.069201,-0.754361,295.673011,0.825947,-295.753537,1.465465,9594.526201,710195.957380,719790.483580,-0.000000,7479.302265
41.400000,637.711803,5.698874,2399.135856,5.058726,0.000784,-24.752686,0.359900,-0.616665,0.600554,-0.359851,-0.666336,-0.008774,0.000000,-0.016100,-0.000215,0.109849,-0.000000,-0.000000,0.000000,-0.702686,-0.009385,298.814658,-0.000000,-0.000000,0.000000,75633.853333,0.965143,0.000017,331.227425,5.000000,-0.000000,25.264326,0.113082,5.058726,-78.449473,32.990305,-106.964439,5.058726,-0.754361,295.671019,0.702749,-298.814658,1.465465,9575.759120,705824.569393,715400.328513,-0.000000,7548.215627
42.000000,640.744277,5.699307,2384.291074,5.049837,0.000666,-24.729994,0.359900,-0.616665,0.600554,-0.359851,-0.666336,-0.008774,0.000000,-0.013605,-0.000182,-0.066331,0.000000,0.000000,0.000000,-0.594111,-0.007935,291.076233,0.000000,0.000000,0.000000,75774.691670,0.966940,0.000017,331.227425,5.000000,0.000000,25.240314,-0.063973,5.049837,-78.458931,32.990305,-106.964389,5.049837,-0.754361,295.678322,0.594164,-291.076233,1.465465,9557.566060,701457.241761,711014.807821,0.000000,7348.406638
42.600000,643.771838,5.699675,2369.460085,5.042290,0.000565,-24.707211,0.359900,-0.616665,0.600554,-0.359851,-0.666336,-0.008774,0.000000,-0.011499,-0.000154,-0.179973,0.000000,0.000000,0.000000,-0.502445,-0.006711,286.085008,0.000000,0.000000,0.000000,75915.611127,0.968738,0.000017,331.227425,5.000000,0.000000,25.216482,-0.178259,5.042290,-78.465377,32.990305,-106.964339,5.042290,-0.754361,295.682331,0.502490,-286.085008,1.465465,9539.527243,697093.972272,706633.499515,0.000000,7217.063787
43.200000,646.795236,5.699988,2354.642869,5.035880,0.000479,-24.682559,0.359900,-0.616665,0.600554,-0.359851,-0.666336,-0.008774,0.000000,-0.010121,-0.000135,0.802523,-0.000000,-0.000000,0.000000,-0.442570,-0.005911,329.246083,-0.000000,-0.000000,0.000000,76056.611554,0.970538,0.000017,331.227425,5.000000,-0.000000,25.191046,0.803766,5.035880,-78.468440,32.990305,-106.964289,5.035880,-0.754361,295.640173,0.442610,-329.246083,1.465465,9520.306522,692734.754828,702255.061349,-0.000000,8284.379944
43.800000,649.815072,5.700253,2339.839426,5.030445,0.000407,-24.660747,0.359900,-0.616665,0.600554,-0.359851,-0.666336,-0.008774,0.000000,-0.008390,-0.000112,0.159065,-0.000000,-0.000000,0.000000,-0.367038,-0.004902,300.980584,-0.000000,-0.000000,0.000000,76197.692611,0.972338,0.000017,331.227425,5.000000,-0.000000,25.168588,0.159966,5.030445,-78.470644,32.990305,-106.964239,5.030445,-0.754361,295.665309,0.367071,-300.980584,1.465465,9503.334144,688379.589176,697882.923320,-0.000000,7573.845583
44.400000,652.831852,5.700477,2325.049755,5.025849,0.000345,-24.647453,0.359900,-0.616665,0.600554,-0.359851,-0.666336,-0.008774,0.000000,-0.005018,-0.000067,-5.394005,0.000000,0.000000,0.000000,-0.219322,-0.002929,57.040761,0.000000,0.000000,0.000000,76338.853946,0.974139,0.000017,331.227425,5.000000,0.000000,25.154643,-5.393346,5.025849,-78.474898,32.990305,-106.964189,5.025849,-0.754361,295.894559,0.219342,-57.040761,1.465465,9492.755671,684028.475427,693521.231098,0.000000,1494.906188
45.000000,655.846044,5.700667,2310.273800,5.021960,0.000293,-24.632880,0.359900,-0.616665,0.600554,-0.359851,-0.666336,-0.008774,0.000000,-0.002130,-0.000028,-10.182759,0.000000,0.000000,0.000000,-0.092784,-0.001239,-153.323467,0.000000,0.000000,0.000000,76480.095759,0.975942,0.000017,331.227425,5.000000,0.000000,25.139585,-10.182274,5.021960,-78.476982,32.990305,-106.964139,5.021960,-0.754361,296.091791,0.092792,153.323467,1.465465,9481.361229,679681.396777,689162.758006,0.000000,-3748.231475
45.600000,658.858111,5.700828,2295.511487,5.018647,0.000249,-24.602894,0.359900,-0.616665,0.600554,-0.359851,-0.666336,-0.008774,0.000000,-0.002807,-0.000037,-6.024308,0.000000,0.000000,0.000000,-0.122765,-0.001640,29.354119,0.000000,0.000000,0.000000,76621.418405,0.977745,0.000017,331.227425,5.000000,0.000000,25.109543,-6.023957,5.018647,-78.470680,32.990305,-106.964089,5.018647,-0.754361,295.916411,0.122776,-29.354119,1.465465,9458.760337,675338.331686,684797.092023,0.000000,792.092334
46.200000,661.868489,5.700966,2280.762771,5.015788,0.000211,-24.551187,0.359900,-0.616665,0.600554,-0.359851,-0.666336,-0.008774,0.000000,-0.008407,-0.000112,10.735192,-0.000000,-0.000000,0.000000,-0.368959,-0.004928,765.583207,-0.000000,-0.000000,0.000000,76762.821974,0.979550,0.000017,331.227425,5.000000,-0.000000,25.058313,10.735425,5.015788,-78.453355,32.990305,-106.964039,5.015788,-0.754361,295.216379,0.368992,-765.583207,1.465465,9420.305280,670999.266780,680419.572060,-0.000000,19111.204215
46.800000,664.877250,5.701083,2266.027064,5.013608,0.000182,-25.117825,0.359900,-0.616665,0.600554,-0.359851,-0.666336,-0.008774,0.000000,0.122096,0.001631,-330.364580,0.000000,0.000000,0.000000,5.363767,0.071637,-14218.588512,0.000000,0.000000,0.000000,76904.311802,0.981355,0.000017,331.227425,5.000000,0.000000,25.612990,-330.363951,5.013608,-78.719198,32.990305,-106.963989,5.013608,-0.754361,309.416931,-5.364245,14218.588512,1.465465,9835.702152,666664.029105,676499.731257,0.000000,-353874.531730
47.400000,667.884738,5.701183,2251.288628,5.015454,0.000206,-35.340699,0.359900,-0.616665,0.600554,-0.359851,-0.666336,-0.008774,0.000000,2.379945,0.031786,-6260.228248,0.000000,0.000000,0.000000,104.548717,1.396324,-274711.583035,0.000000,0.000000,0.000000,77046.039232,0.983164,0.000017,331.227425,5.000000,0.000000,35.628363,-6260.219594,5.015454,-83.421916,32.990305,-106.963939,5.015454,-0.754361,556.326586,-104.558041,274711.583035,1.465465,17337.352644,662327.988769,679665.341413,0.000000,-6837951.359981
48.000000,670.891092,5.701268,2236.590105,5.011562,0.000154,-29.680386,0.359900,-0.616665,0.600554,-0.359851,-0.666336,-0.008774,0.000000,1.138334,0.015203,-2997.272994,0.000000,0.000000,0.000000,50.005887,0.667865,-131373.212768,0.000000,0.000000,0.000000,77187.592860,0.984970,0.000017,331.227425,5.000000,0.000000,30.082364,-2997.268819,5.011562,-80.824573,32.990305,-106.963890,5.011562,-0.754361,420.458504,-50.010347,131373.212768,1.465465,13183.260660,658003.690708,671186.951368,0.000000,-3270046.148484
48.600000,673.894925,5.701319,2225.935008,5.003713,0.000050,-12.051811,0.359900,-0.616665,0.600554,-0.359851,-0.666336,-0.008774,0.000000,-0.005022,-0.000067,9.609382,0.000000,0.000000,0.000000,-0.220672,-0.002947,716.267158,0.000000,0.000000,0.000000,77290.338200,0.986281,0.000017,331.227425,5.000000,0.000000,13.049264,9.609383,5.003713,-67.452587,32.990305,-106.963840,5.003713,-0.754361,71.626719,0.220692,-716.267158,1.465465,2555.713437,654868.966435,657424.679872,0.000000,9346.744835
49.200000,676.896510,5.701341,2219.817945,5.001869,0.000025,-9.015880,0.359900,-0.616665,0.600554,-0.359851,-0.666336,-0.008774,0.000000,-0.001892,-0.000025,2.438031,0.000000,0.000000,0.000000,-0.083146,-0.001110,401.160905,0.000000,0.000000,0.000000,77349.374065,0.987034,0.000017,331.227425,5.000000,0.000000,10.310421,2.438032,5.001869,-60.979174,32.990305,-106.963790,5.001869,-0.754361,40.116091,0.083154,-401.160905,1.465465,1596.037426,653069.329383,654665.366809,0.000000,4136.138732
49.800000,679.897359,5.701352,2214.715832,5.001054,0.000014,-8.152337,0.359900,-0.616665,0.600554,-0.359851,-0.666336,-0.008774,0.000000,-0.000965,-0.000013,0.778005,0.000000,0.000000,0.000000,-0.042419,-0.000567,328.203251,0.000000,0.000000,0.000000,77398.642551,0.987663,0.000017,331.227425,5.000000,0.000000,9.564054,0.778006,5.001054,-58.472960,32.990305,-106.963740,5.001054,-0.754361,32.820325,0.042423,-328.203251,1.465465,1373.532087,651568.290310,652941.822397,0.000000,3138.951686
50.400000,682.897848,5.701358,2209.925179,5.000615,0.000008,-7.866473,0.359900,-0.616665,0.600554,-0.359851,-0.666336,-0.008774,0.000000,-0.000544,-0.000007,0.267734,-0.000000,-0.000000,0.000000,-0.023910,-0.000319,305.772565,-0.000000,-0.000000,0.000000,77444.926557,0.988254,0.000017,331.227425,5.000000,-0.000000,9.321349,0.267735,5.000615,-57.556410,32.990305,-106.963691,5.000615,-0.754361,30.577257,0.023912,-305.772565,1.465465,1304.778625,650158.882556,651463.661180,-0.000000,2850.212314
51.000000,685.898134,5.701362,2205.240367,5.000363,0.000005,-7.766353,0.359900,-0.616665,0.600554,-0.359851,-0.666336,-0.008774,0.000000,-0.000317,-0.000004,0.095795,0.000000,0.000000,0.000000,-0.013949,-0.000186,298.213009,0.000000,0.000000,0.000000,77490.209667,0.988832,0.000017,331.227425,5.000000,0.000000,9.236876,0.095796,5.000363,-57.224558,32.990305,-106.963641,5.000363,-0.754361,29.821301,0.013950,-298.213009,1.465465,1281.263605,648780.613363,650061.876967,0.000000,2754.556451
51.600000,688.898304,5.701365,2200.593286,5.000215,0.000003,-7.729897,0.359900,-0.616665,0.600554,-0.359851,-0.666336,-0.008774,0.000000,-0.000187,-0.000003,0.036175,0.000000,0.000000,0.000000,-0.008239,-0.000110,295.591229,0.000000,0.000000,0.000000,77535.149255,0.989405,0.000017,331.227425,5.000000,0.000000,9.206165,0.036175,5.000215,-57.102506,32.990305,-106.963591,5.000215,-0.754361,29.559123,0.008239,-295.591229,1.465465,1272.767474,647413.444428,648686.211902,0.000000,2721.261463
52.200000,691.898405,5.701366,2195.960269,5.000128,0.000002,-7.715583,0.359900,-0.616665,0.600554,-0.359851,-0.666336,-0.008774,0.000000,-0.000111,-0.000001,0.015178,0.000000,0.000000,0.000000,-0.004888,-0.000065,294.667744,0.000000,0.000000,0.000000,77579.973841,0.989977,0.000017,331.227425,5.000000,0.000000,9.194102,0.015178,5.000128,-57.054513,32.990305,-106.963542,5.000128,-0.754361,29.466774,0.004888,-294.667744,1.465465,1269.438000,646050.413204,647319.851204,0.000000,2709.205146
52.800000,694.898465,5.701367,2191.333049,5.000076,0.000001,-7.709016,0.359900,-0.616665,0.600554,-0.359851,-0.666336,-0.008774,0.000000,-0.000066,-0.000001,0.007639,0.000000,0.000000,0.000000,-0.002901,-0.000039,294.336153,0.000000,0.000000,0.000000,77624.763281,0.990549,0.000017,331.227425,5.000000,0.000000,9.188563,0.007639,5.000076,-57.032514,32.990305,-106.963492,5.000076,-0.754361,29.433615,0.002901,-294.336153,1.465465,1267.910697,644689.087488,645956.998185,0.000000,2704.526155
53.400000,697.898500,5.701367,2186.708829,5.000045,0.000001,-7.705338,0.359900,-0.616665,0.600554,-0.359851,-0.666336,-0.008774,0.000000,-0.000039,-0.000001,0.005112,0.000000,0.000000,0.000000,-0.001719,-0.000023,294.225004,0.000000,0.000000,0.000000,77669.544610,0.991120,0.000017,331.227425,5.000000,0.000000,9.185460,0.005113,5.000045,-57.020192,32.990305,-106.963442,5.000045,-0.754361,29.422500,0.001719,-294.225004,1.465465,1267.055652,643328.644006,644595.699658,0.000000,2702.592064
54.000000,700.898521,5.701367,2182.086487,5.000027,0.000000,-7.702608,0.359900,-0.616665,0.600554,-0.359851,-0.666336,-0.008774,0.000000,-0.000023,-0.000000,0.004228,0.000000,0.000000,0.000000,-0.001019,-0.000014,294.186096,0.000000,0.000000,0.000000,77714.328648,0.991691,0.000017,331.227425,5.000000,0.000000,9.183160,0.004228,5.000027,-57.011017,32.990305,-106.963393,5.000027,-0.754361,29.418610,0.001019,-294.186096,1.465465,1266.421990,641968.753295,643235.175285,0.000000,2701.558109
54.600000,703.898534,5.701368,2177.465659,5.000016,0.000000,-7.700195,0.359900,-0.616665,0.600554,-0.359851,-0.666336,-0.008774,0.000000,-0.000014,-0.000000,0.003890,0.000000,0.000000,0.000000,-0.000604,-0.000008,294.171250,0.000000,0.000000,0.000000,77759.118914,0.992263,0.000017,331.227425,5.000000,0.000000,9.181131,0.003890,5.000016,-57.002874,32.990305,-106.963343,5.000016,-0.754361,29.417125,0.000604,-294.171250,1.465465,1265.862851,640609.308003,641875.170854,0.000000,2700.824667
55.200000,706.898541,5.701368,2172.846233,5.000009,0.000000,-7.697907,0.359900,-0.616665,0.600554,-0.359851,-0.666336,-0.008774,0.000000,-0.000008,-0.000000,0.003766,-0.000000,-0.000000,0.000000,-0.000359,-0.000005,294.165850,-0.000000,-0.000000,0.000000,77803.916475,0.992835,0.000017,331.227425,5.000000,-0.000000,9.179208,0.003766,5.000009,-56.995131,32.990305,-106.963293,5.000009,-0.754361,29.416585,0.000359,-294.165850,1.465465,1265.333478,639250.275377,640515.608855,-0.000000,2700.209656
55.800000,709.898546,5.701368,2168.228158,5.000005,0.000000,-7.695656,0.359900,-0.616665,0.600554,-0.359851,-0.666336,-0.008774,0.000000,-0.000004,-0.000000,0.003705,0.000000,0.000000,0.000000,-0.000196,-0.000003,294.163171,0.000000,0.000000,0.000000,77848.721827,0.993406,0.000017,331.227425,5.000000,0.000000,9.177319,0.003705,5.000005,-56.987500,32.990305,-106.963244,5.000005,-0.754361,29.416317,0.000190,-294.163171,1.465465,1264.813164,637891.640020,639156.453184,0.000000,2699.629192
56.400000,712.898550,5.701368,2163.611420,5.000002,0.000000,-7.693421,0.359900,-0.616665,0.600554,-0.359851,-0.666336,-0.008774,0.000000,-0.000002,-0.000000,0.003667,0.000000,0.000000,0.000000,-0.000081,-0.000001,294.161554,0.000000,0.000000,0.000000,77893.535092,0.993978,0.000017,331.227425,5.000000,0.000000,9.175443,0.003667,5.000002,-56.979911,32.990305,-106.963194,5.000002,-0.754361,29.416155,0.000071,-294.161554,1.465465,1264.296756,636533.397912,637797.694667,0.000000,2699.062547
57.000000,715.898552,5.701368,2158.996016,5.000000,0.000000,-7.691199,0.359900,-0.616665,0.600554,-0.359851,-0.666336,-0.008774,0.000000,-0.000000,-0.000000,0.003649,0.000000,0.000000,0.000000,-0.000007,-0.000000,294.160781,0.000000,0.000000,0.000000,77938.356282,0.994550,0.000017,331.227425,5.000000,0.000000,9.173578,0.003649,5.000000,-56.972357,32.990305,-106.963144,5.000000,-0.754361,29.416078,0.000007,-294.160781,1.465465,1263.783557,635175.548375,636439.331932,0.000000,2698.506967
57.600000,718.898553,5.701368,2154.381944,4.999999,-0.000000,-7.688986,0.359900,-0.616665,0.600554,-0.359851,-0.666336,-0.008774,0.000000,0.000001,0.000000,0.003645,-0.000000,-0.000000,0.000000,0.000033,0.000000,294.160628,-0.000000,-0.000000,0.000000,77983.185408,0.995122,0.000017,331.227425,5.000000,-0.000000,9.171722,0.003645,4.999999,-56.964827,32.990305,-106.963095,4.999999,-0.754361,29.416063,0.000000,-294.160628,1.465465,1263.272857,633818.090731,635081.363588,-0.000000,2697.959640
58.200000,721.898554,5.701368,2149.769202,4.999999,-0.000000,-7.686779,0.359900,-0.616665,0.600554,-0.359851,-0.666336,-0.008774,0.000000,0.000001,0.000000,0.003649,-0.000000,-0.000000,0.000000,0.000050,0.000001,294.160850,-0.000000,-0.000000,0.000000,78028.022484,0.995694,0.000017,331.227425,5.000000,-0.000000,9.169872,0.003649,4.999999,-56.957313,32.990305,-106.963045,4.999999,-0.754361,29.416085,0.000026,-294.160850,1.465465,1262.763875,632461.024271,633723.788146,-0.000000,2697.417475
58.800000,724.898554,5.701368,2145.157787,4.999999,-0.000000,-7.684576,0.359900,-0.616665,0.600554,-0.359851,-0.666336,-0.008774,0.000000,0.000001,0.000000,0.003657,0.000000,0.000000,0.000000,0.000053,0.000001,294.161195,0.000000,0.000000,0.000000,78072.867522,0.996267,0.000017,331.227425,5.000000,0.000000,9.168025,0.003657,4.999999,-56.949805,32.990305,-106.962995,4.999999,-0.754361,29.416119,0.000053,-294.161195,1.465465,1262.255813,631104.348282,632366.604095,0.000000,2696.877306
59.400000,727.898554,5.701368,2140.547697,4.999999,-0.000000,-7.682373,0.359900,-0.616665,0.600554,-0.359851,-0.666336,-0.008774,0.000000,0.000001,0.000000,0.003662,0.000000,0.000000,0.000000,0.000049,0.000001,294.161461,0.000000,0.000000,0.000000,78117.720535,0.996839,0.000017,331.227425,5.000000,0.000000,9.166179,0.003662,4.999999,-56.942295,32.990305,-106.962946,4.999999,-0.754361,29.416146,0.000060,-294.161461,1.465465,1261.748035,629748.062065,631009.810099,0.000000,2696.336619
60.000000,730.898553,5.701368,2135.938929,4.999999,-0.000000,-7.680170,0.359900,-0.616665,0.600554,-0.359851,-0.666336,-0.008774,0.000000,0.000001,0.000000,0.003665,0.000000,0.000000,0.000000,0.000042,0.000001,294.161635,0.000000,0.000000,0.000000,78162.581533,0.997411,0.000017,331.227425,5.000000,0.000000,9.164333,0.003665,4.999999,-56.934782,32.990305,-106.962896,4.999999,-0.754361,29.416163,0.000050,-294.161635,1.465465,1261.240479,628392.164974,629653.405453,0.000000,2695.795201
60.600000,733.898553,5.701368,2131.331482,4.999999,-0.000000,-7.677968,0.359900,-0.616665,0.600554,-0.359851,-0.666336,-0.008774,0.000000,0.000001,0.000000,0.003667,-0.000000,-0.000000,0.000000,0.000035,0.000000,294.161740,-0.000000,-0.000000,0.000000,78207.450527,0.997984,0.000017,331.227425,5.000000,-0.000000,9.162488,0.003667,4.999999,-56.927268,32.990305,-106.962846,4.999999,-0.754361,29.416174,0.000035,-294.161740,1.465465,1260.733210,627036.656378,628297.389588,-0.000000,2695.253355
61.200000,736.898553,5.701368,2126.725354,4.999999,-0.000000,-7.675767,0.359900,-0.616665,0.600554,-0.359851,-0.666336,-0.008774,0.000000,0.000001,0.000000,0.003667,-0.000000,-0.000000,0.000000,0.000030,0.000000,294.161797,-0.000000,-0.000000,0.000000,78252.327524,0.998557,0.000017,331.227425,5.000000,-0.000000,9.160643,0.003667,4.999999,-56.919754,32.990305,-106.962797,4.999999,-0.754361,29.416180,0.000023,-294.161797,1.465465,1260.226283,625681.535754,626941.762038,-0.000000,2694.711332
61.800000,739.898553,5.701368,2122.120544,4.999999,-0.000000,-7.673567,0.359900,-0.616665,0.600554,-0.359851,-0.666336,-0.008774,0.000000,0.000001,0.000000,0.003667,-0.000000,-0.000000,0.000000,0.000027,0.000000,294.161815,-0.000000,-0.000000,0.000000,78297.212520,0.999129,0.000017,331.227425,5.000000,-0.000000,9.158800,0.003667,4.999999,-56.912241,32.990305,-106.962747,4.999999,-0.754361,29.416182,0.000016,-294.161815,1.465465,1259.719724,624326.802909,625586.522632,-0.000000,2694.169232
62.400000,742.898553,5.701368,2117.517051,4.999999,-0.000000,-7.671367,0.359900,-0.616665,0.600554,-0.359851,-0.666336,-0.008774,0.000000,0.000001,0.000000,0.003666,-0.000000,-0.000000,0.000000,0.000024,0.000000,294.161800,-0.000000,-0.000000,0.000000,78342.105508,0.999702,0.000017,331.227425,5.000000,-0.000000,9.156958,0.003666,4.999999,-56.904729,32.990305,-106.962697,4.999999,-0.754361,29.416180,0.000013,-294.161800,1.465465,1259.213548,622972.457708,624231.671257,-0.000000,2693.627127
63.000000,745.898553,5.701368,2112.914876,4.999999,-0.000000,-7.669169,0.359900,-0.616665,0.600554,-0.359851,-0.666336,-0.008774,0.000000,0.000001,-0.000000,0.003665,-0.000000,-0.000000,0.000000,0.000023,-0.000000,294.161757,-0.000000,-0.000000,0.000000,78387.006482,1.000275,0.000017,331.227425,5.000000,-0.000000,9.155116,0.003665,4.999999,-56.897218,32.990305,-106.962648,4.999999,-0.754361,29.416176,0.000012,-294.161757,1.465465,1258.707775,621618.500021,622877.207796,-0.000000,2693.085089
63.600000,748.898553,5.701368,2108.314017,4.999999,-0.000000,-7.666973,0.359900,-0.616665,0.600554,-0.359851,-0.666336,-0.008774,0.000000,0.000001,-0.000000,0.003662,-0.000000,-0.000000,0.000000,0.000023,-0.000000,294.161692,-0.000000,-0.000000,0.000000,78431.915438,1.000848,0.000017,331.227425,5.000000,-0.000000,9.153276,0.003662,4.999999,-56.889708,32.990305,-106.962598,4.999999,-0.754361,29.416169,0.000014,-294.161692,1.465465,1258.202422,620264.929712,621523.132134,-0.000000,2692.543191
64.200000,751.898553,5.701368,2103.714475,4.999999,-0.000000,-7.664777,0.359900,-0.616665,0.600554,-0.359851,-0.666336,-0.008774,0.000000,0.000001,-0.000000,0.003660,-0.000000,-0.000000,0.000000,0.000023,-0.000000,294.161610,-0.000000,-0.000000,0.000000,78476.832367,1.001422,0.000017,331.227425,5.000000,-0.000000,9.151437,0.003660,4.999999,-56.882199,32.990305,-106.962548,4.999999,-0.754361,29.416161,0.000016,-294.161610,1.465465,1257.697507,618911.746651,620169.444158,-0.000000,2692.001505
64.800000,754.898553,5.701368,2099.116248,4.999999,-0.000000,-7.662583,0.359900,-0.616665,0.600554,-0.359851,-0.666336,-0.008774,0.000000,0.000001,0.000000,0.003657,-0.000000,-0.000000,0.000000,0.000023,0.000000,294.161518,-0.000000,-0.000000,0.000000,78521.757265,1.001995,0.000017,331.227425,5.000000,-0.000000,9.149600,0.003657,4.999999,-56.874692,32.990305,-106.962499,4.999999,-0.754361,29.416152,0.000019,-294.161518,1.465465,1257.193049,617558.950702,618816.143751,-0.000000,2691.460103
65.400000,757.898553,5.701368,2094.519337,4.999999,-0.000000,-7.660390,0.359900,-0.616665,0.600554,-0.359851,-0.666336,-0.008774,0.000000,0.000001,0.000000,0.003654,-0.000000,-0.000000,0.000000,0.000023,0.000000,294.161422,-0.000000,-0.000000,0.000000,78566.690124,1.002568,0.000017,331.227425,5.000000,-0.000000,9.147763,0.003654,4.999999,-56.867187,32.990305,-106.962449,4.999999,-0.754361,29.416142,0.000022,-294.161422,1.465465,1256.689065,616206.541735,617463.230800,-0.000000,2690.919057
66.000000,760.898553,5.701368,2089.923741,4.999999,-0.000000,-7.658199,0.359900,-0.616665,0.600554,-0.359851,-0.666336,-0.008774,0.000000,0.000001,0.000000,0.003651,0.000000,0.000000,0.000000,0.000023,0.000000,294.161326,0.000000,0.000000,0.000000,78611.630940,1.003142,0.000017,331.227425,5.000000,0.000000,9.145928,0.003651,4.999999,-56.859684,32.990305,-106.962399,4.999999,-0.754361,29.416133,0.000024,-294.161326,1.465465,1256.185572,614854.519614,616110.705186,0.000000,2690.378440
66.600000,763.898553,5.701368,2085.329459,4.999999,-0.000000,-7.656009,0.359900,-0.616665,0.600554,-0.359851,-0.666336,-0.008774,0.000000,0.000000,0.000000,0.003649,0.000000,0.000000,0.000000,0.000022,0.000001,294.161234,0.000000,0.000000,0.000000,78656.579708,1.003715,0.000017,331.227425,5.000000,0.000000,9.144095,0.003649,4.999999,-56.852183,32.990305,-106.962350,4.999999,-0.754361,29.416123,0.000023,-294.161234,1.465465,1255.682582,613502.884147,614758.566728,0.000000,2689.838290
67.200000,766.898553,5.701368,2080.736490,4.999999,0.000000,-7.653821,0.359900,-0.616665,0.600554,-0.359851,-0.666336,-0.008774,0.000000,0.000000,0.000000,0.003646,0.000000,0.000000,0.000000,0.000020,0.000001,294.161147,0.000000,0.000000,0.000000,78701.536427,1.004289,0.000017,331.227425,5.000000,0.000000,9.142263,0.003646,4.999999,-56.844684,32.990305,-106.962300,4.999999,-0.754361,29.416115,0.000022,-294.161147,1.465465,1255.180091,612151.635055,613406.815145,0.000000,2689.298603
67.800000,769.898553,5.701368,2076.144834,5.000000,0.000000,-7.651635,0.359900,-0.616665,0.600554,-0.359851,-0.666336,-0.008774,0.000000,0.000000,0.000000,0.003643,0.000000,0.000000,0.000000,0.000018,0.000001,294.161062,0.000000,0.000000,0.000000,78746.501095,1.004863,0.000017,331.227425,5.000000,0.000000,9.140433,0.003644,5.000000,-56.837188,32.990305,-106.962250,5.000000,-0.754361,29.416106,0.000020,-294.161062,1.465465,1254.678096,610800.772053,612055.450149,0.000000,2688.759370
68.400000,772.898553,5.701368,2071.554489,5.000000,0.000000,-7.649450,0.359900,-0.616665,0.600554,-0.359851,-0.666336,-0.008774,0.000000,0.000000,0.000000,0.003641,0.000000,0.000000,0.000000,0.000015,0.000002,294.160980,0.000000,0.000000,0.000000,78791.473713,1.005437,0.000017,331.227425,5.000000,0.000000,9.138604,0.003641,5.000000,-56.829693,32.990305,-106.962201,5.000000,-0.754361,29.416098,0.000017,-294.160980,1.465465,1254.176594,609450.294857,610704.471451,0.000000,2688.220581
69.000000,775.898553,5.701368,2066.965454,5.000000,0.000000,-7.647266,0.359900,-0.616665,0.600554,-0.359851,-0.666336,-0.008774,0.000000,0.000000,0.000000,0.003638,0.000000,0.000000,0.000000,0.000013,0.000002,294.160900,0.000000,0.000000,0.000000,78836.454279,1.006011,0.000017,331.227425,5.000000,0.000000,9.136776,0.003639,5.000000,-56.822201,32.990305,-106.962151,5.000000,-0.754361,29.416090,0.000014,-294.160900,1.465465,1253.675582,608100.203182,609353.878763,0.000000,2687.682228
69.600000,778.898552,5.701368,2062.377729,5.000000,0.000000,-7.645084,0.359900,-0.616665,0.600554,-0.359851,-0.666336,-0.008774,0.000000,0.000000,0.000000,0.003636,0.000000,0.000000,0.000000,0.000010,0.000002,294.160821,0.000000,0.000000,0.000000,78881.442791,1.006585,0.000017,331.227425,5.000000,0.000000,9.134950,0.003636,5.000000,-56.814711,32.990305,-106.962101,5.000000,-0.754361,29.416082,0.000010,-294.160821,1.465465,1253.175056,606750.496742,608003.671798,0.000000,2687.144301
70.200000,781.898552,5.701368,2057.791313,5.000000,0.000000,-7.642903,0.359900,-0.616665,0.600554,-0.359851,-0.666336,-0.008774,0.000000,0.000000,0.000000,0.003634,0.000000,0.000000,0.000000,0.000008,0.000001,294.160742,0.000000,0.000000,0.000000,78926.439250,1.007159,0.000017,331.227425,5.000000,0.000000,9.133125,0.003634,5.000000,-56.807223,32.990305,-106.962051,5.000000,-0.754361,29.416074,0.000008,-294.160742,1.465465,1252.675015,605401.175253,606653.850268,0.000000,2686.606792
70.800000,784.898552,5.701368,2053.206203,5.000000,0.000000,-7.640724,0.359900,-0.616665,0.600554,-0.359851,-0.666336,-0.008774,0.000000,0.000000,0.000000,0.003631,0.000000,0.000000,0.000000,0.000006,0.000000,294.160664,0.000000,0.000000,0.000000,78971.443654,1.007733,0.000017,331.227425,5.000000,0.000000,9.131301,0.003631,5.000000,-56.799737,32.990305,-106.962002,5.000000,-0.754361,29.416066,0.000005,-294.160664,1.465465,1252.175454,604052.238429,605304.413883,0.000000,2686.069691
71.400000,787.898552,5.701368,2048.622401,5.000000,-0.000000,-7.638547,0.359900,-0.616665,0.600554,-0.359851,-0.666336,-0.008774,0.000000,0.000000,-0.000000,0.003629,-0.000000,-0.000000,0.000000,0.000004,-0.000001,294.160584,-0.000000,-0.000000,0.000000,79016.456002,1.008308,0.000017,331.227425,5.000000,-0.000000,9.129479,0.003629,5.000000,-56.792254,32.990305,-106.961952,5.000000,-0.754361,29.416058,0.000004,-294.160584,1.465465,1251.676370,602703.685990,603955.362360,-0.000000,2685.532989
72.000000,790.898552,5.701368,2044.039904,5.000000,-0.000000,-7.636370,0.359900,-0.616665,0.600554,-0.359851,-0.666336,-0.008774,0.000000,0.000000,-0.000000,0.003626,-0.000000,-0.000000,0.000000,0.000002,-0.000002,294.160504,-0.000000,-0.000000,0.000000,79061.476291,1.008882,0.000017,331.227425,5.000000,-0.000000,9.127659,0.003626,5.000000,-56.784772,32.990305,-106.961902,5.000000,-0.754361,29.416050,0.000004,-294.160504,1.465465,1251.177763,601355.517692,602606.695455,-0.000000,2684.996684
72.600000,793.898552,5.701368,2039.458712,5.000000,-0.000000,-7.634196,0.359900,-0.616665,0.600554,-0.359851,-0.666336,-0.008774,0.000000,0.000000,-0.000000,0.003624,-0.000000,-0.000000,0.000000,0.000001,-0.000004,294.160423,-0.000000,-0.000000,0.000000,79106.504519,1.009457,0.000017,331.227425,5.000000,-0.000000,9.125839,0.003624,5.000000,-56.777293,32.990305,-106.961853,5.000000,-0.754361,29.416042,0.000004,-294.160423,1.465465,1250.679631,600007.733323,601258.412954,-0.000000,2684.460778
73.200000,796.898552,5.701368,2034.878824,5.000000,-0.000000,-7.632023,0.359900,-0.616665,0.600554,-0.359851,-0.666336,-0.008774,0.000000,0.000000,-0.000000,0.003621,-0.000000,-0.000000,0.000000,0.000001,-0.000005,294.160342,-0.000000,-0.000000,0.000000,79151.540682,1.010031,0.000017,331.227425,5.000000,-0.000000,9.124021,0.003621,5.000000,-56.769815,32.990305,-106.961803,5.000000,-0.754361,29.416034,0.000005,-294.160342,1.465465,1250.181976,598660.332670,599910.514646,-0.000000,2683.925271
73.800000,799.898552,5.701368,2030.300240,5.000000,-0.000000,-7.629851,0.359900,-0.616665,0.600554,-0.359851,-0.666336,-0.008774,0.000000,0.000000,-0.000000,0.003619,-0.000000,-0.000000,0.000000,0.000000,-0.000006,294.160260,-0.000000,-0.000000,0.000000,79196.584777,1.010606,0.000017,331.227425,5.000000,-0.000000,9.122205,0.003618,5.000000,-56.762340,32.990305,-106.961753,5.000000,-0.754361,29.416026,0.000005,-294.160260,1.465465,1249.684797,597313.315521,598563.000318,-0.000000,2683.390164
74.400000,802.898552,5.701368,2025.722959,5.000000,-0.000000,-7.627680,0.359900,-0.616665,0.600554,-0.359851,-0.666336,-0.008774,0.000000,-0.000000,-0.000000,0.003616,-0.000000,-0.000000,0.000000,-0.000000,-0.000006,294.160178,-0.000000,-0.000000,0.000000,79241.636800,1.011181,0.000017,331.227425,5.000000,-0.000000,9.120390,0.003616,5.000000,-56.754867,32.990305,-106.961704,5.000000,-0.754361,29.416018,0.000005,-294.160178,1.465465,1249.188094,595966.681664,597215.869758,-0.000000,2682.855460
75.000000,805.898552,5.701368,2021.146980,5.000000,-0.000000,-7.625512,0.359900,-0.616665,0.600554,-0.359851,-0.666336,-0.008774,0.000000,-0.000000,-0.000000,0.003614,-0.000000,-0.000000,0.000000,-0.000000,-0.000005,294.160095,-0.000000,-0.000000,0.000000,79286.696748,1.011756,0.000017,331.227425,5.000000,-0.000000,9.118576,0.003613,5.000000,-56.747396,32.990305,-106.961654,5.000000,-0.754361,29.416010,0.000005,-294.160095,1.465465,1248.691866,594620.430886,595869.122753,-0.000000,2682.321160
75.600000,808.898552,5.701368,2016.572302,5.000000,-0.000000,-7.623344,0.359900,-0.616665,0.600554,-0.359851,-0.666336,-0.008774,0.000000,-0.000000,-0.000000,0.003611,-0.000000,-0.000000,0.000000,-0.000000,-0.000004,294.160012,-0.000000,-0.000000,0.000000,79331.764618,1.012331,0.000017,331.227425,5.000000,-0.000000,9.116763,0.003611,5.000000,-56.739927,32.990305,-106.961604,5.000000,-0.754361,29.416001,0.000003,-294.160012,1.465465,1248.196115,593274.562976,594522.759091,-0.000000,2681.787265
76.200000,811.898552,5.701368,2011.998925,5.000000,-0.000000,-7.621178,0.359900,-0.616665,0.600554,-0.359851,-0.666336,-0.008774,0.000000,-0.000000,-0.000000,0.003609,-0.000000,-0.000000,0.000000,-0.000000,-0.000000,294.159930,-0.000000,-0.000000,0.000000,79376.840406,1.012906,0.000017,331.227425,5.000000,-0.000000,9.114952,0.003609,5.000000,-56.732460,32.990305,-106.961555,5.000000,-0.754361,29.415993,0.000001,-294.159930,1.465465,1247.700840,591929.077720,593176.778560,-0.000000,2681.253776
76.800000,814.898552,5.701368,2007.426848,5.000000,0.000000,-7.619014,0.359900,-0.616665,0.600554,-0.359851,-0.666336,-0.008774,0.000000,-0.000000,0.000000,0.003606,0.000000,0.000000,0.000000,-0.000000,0.000004,294.159847,0.000000,0.000000,0.000000,79421.924109,1.013482,0.000017,331.227425,5.000000,0.000000,9.113143,0.003606,5.000000,-56.724995,32.990305,-106.961505,5.000000,-0.754361,29.415985,-0.000003,-294.159847,1.465465,1247.206041,590583.974902,591831.180942,0.000000,2680.720695
77.400000,817.898552,5.701368,2002.856070,5.000000,0.000000,-7.616851,0.359900,-0.616665,0.600554,-0.359851,-0.666336,-0.008774,0.000000,-0.000000,0.000000,0.003604,0.000000,0.000000,0.000000,-0.000000,0.000010,294.159765,0.000000,0.000000,0.000000,79467.015725,1.014057,0.000017,331.227425,5.000000,0.000000,9.111335,0.003604,5.000000,-56.717533,32.990305,-106.961455,5.000000,-0.754361,29.415976,-0.000009,-294.159765,1.465465,1246.711717,589239.254275,590485.965992,0.000000,2680.188022
78.000000,820.898552,5.701369,1998.286590,5.000000,0.000000,-7.614689,0.359900,-0.616665,0.600554,-0.359851,-0.666336,-0.008774,0.000000,-0.000000,0.000000,0.003601,0.000000,0.000000,0.000000,-0.000001,0.000017,294.159683,0.000000,0.000000,0.000000,79512.115253,1.014632,0.000017,331.227425,5.000000,0.000001,9.109528,0.003602,5.000000,-56.710072,32.990305,-106.961406,5.000000,-0.754361,29.415968,-0.000016,-294.159683,1.465465,1246.217868,587894.915583,589141.133451,0.000000,2679.655756
78.600000,823.898552,5.701369,1993.718407,5.000000,0.000000,-7.612529,0.359900,-0.616665,0.600554,-0.359851,-0.666336,-0.008774,0.000000,-0.000000,0.000001,0.003598,0.000000,0.000000,0.000000,-0.000001,0.000025,294.159601,0.000000,0.000000,0.000000,79557.222690,1.015208,0.000017,331.227425,5.000000,0.000001,9.107722,0.003600,5.000000,-56.702614,32.990305,-106.961356,5.000000,-0.754361,29.415960,-0.000023,-294.159601,1.465465,1245.724493,586550.958570,587796.683063,0.000000,2679.123897
79.200000,826.898552,5.701370,1989.151521,5.000000,0.000000,-7.610371,0.359900,-0.616665,0.600554,-0.359851,-0.666336,-0.008774,0.000000,-0.000000,0.000001,0.003596,0.000000,0.000000,0.000000,-0.000001,0.000034,294.159519,0.000000,0.000000,0.000000,79602.338036,1.015784,0.000017,331.227425,5.000000,0.000001,9.105918,0.003598,5.000000,-56.695157,32.990305,-106.961306,5.000000,-0.754361,29.415952,-0.000032,-294.159519,1.465465,1245.231591,585207.382981,586452.614572,0.000000,2678.592445
79.800000,829.898552,5.701370,1984.585931,5.000000,0.000001,-7.608214,0.359900,-0.616665,0.600554,-0.359851,-0.666336,-0.008774,0.000000,-0.000000,0.000001,0.003593,0.000000,0.000000,0.000000,-0.000001,0.000043,294.159437,0.000000,0.000000,0.000000,79647.461287,1.016360,0.000017,331.227425,5.000000,0.000002,9.104115,0.003596,5.000000,-56.687703,32.990305,-106.961257,5.000000,-0.754361,29.415944,-0.000040,-294.159437,1.465465,1244.739163,583864.188557,585108.927720,0.000000,2678.061399
80.400000,832.898552,5.701370,1980.021635,5.000000,0.000001,-7.606058,0.359900,-0.616665,0.600554,-0.359851,-0.666336,-0.008774,0.000000,-0.000000,0.000001,0.003591,0.000000,0.000000,0.000000,-0.000001,0.000052,294.159356,0.000000,0.000000,0.000000,79692.592444,1.016936,0.000017,331.227425,5.000000,0.000002,9.102314,0.003593,5.000000,-56.680250,32.990305,-106.961207,5.000000,-0.754361,29.415936,-0.000049,-294.159356,1.465465,1244.247206,582521.375044,583765.622251,0.000000,2677.530758
81.000000,835.898552,5.701371,1975.458633,5.000000,0.000001,-7.603904,0.359900,-0.616665,0.600554,-0.359851,-0.666336,-0.008774,0.000000,-0.000000,0.000001,0.003589,0.000000,0.000000,0.000000,-0.000002,0.000061,294.159275,0.000000,0.000000,0.000000,79737.731503,1.017512,0.000017,331.227425,5.000000,0.000002,9.100514,0.003591,5.000000,-56.672800,32.990305,-106.961157,5.000000,-0.754361,29.415927,-0.000058,-294.159275,1.465465,1243.755721,581178.942186,582422.697907,0.000000,2677.000523
81.600000,838.898552,5.701371,1970.896924,5.000000,0.000001,-7.601751,0.359900,-0.616665,0.600554,-0.359851,-0.666336,-0.008774,0.000000,-0.000000,0.000002,0.003586,0.000000,0.000000,0.000000,-0.000002,0.000069,294.159194,0.000000,0.000000,0.000000,79782.878463,1.018088,0.000017,331.227425,5.000000,0.000003,9.098715,0.003589,5.000000,-56.665352,32.990305,-106.961108,5.000000,-0.754361,29.415919,-0.000066,-294.159194,1.465465,1243.264708,579836.889724,581080.154432,0.000000,2676.470693
82.200000,841.898552,5.701372,1966.336508,5.000000,0.000001,-7.599600,0.359900,-0.616665,0.600554,-0.359851,-0.666336,-0.008774,0.000000,-0.000000,0.000002,0.003584,0.000000,0.000000,0.000000,-0.000002,0.000077,294.159113,0.000000,0.000000,0.000000,79828.033324,1.018664,0.000017,331.227425,5.000000,0.000003,9.096918,0.003587,5.000000,-56.657906,32.990305,-106.961058,5.000000,-0.754361,29.415911,-0.000074,-294.159113,1.465465,1242.774164,578495.217405,579737.991569,0.000000,2675.941267
82.800000,844.898552,5.701372,1961.777382,5.000000,0.000001,-7.597450,0.359900,-0.616665,0.600554,-0.359851,-0.666336,-0.008774,0.000000,-0.000000,0.000002,0.003581,0.000000,0.000000,0.000000,-0.000002,0.000085,294.159032,0.000000,0.000000,0.000000,79873.196082,1.019240,0.000017,331.227425,5.000000,0.000003,9.095122,0.003585,5.000000,-56.650462,32.990305,-106.961008,5.000000,-0.754361,29.415903,-0.000081,-294.159032,1.465465,1242.284090,577153.924971,578396.209061,0.000000,2675.412246
83.400000,847.898552,5.701372,1957.219547,5.000000,0.000001,-7.595301,0.359900,-0.616665,0.600554,-0.359851,-0.666336,-0.008774,0.000000,-0.000000,0.000002,0.003579,0.000000,0.000000,0.000000,-0.000003,0.000091,294.158952,0.000000,0.000000,0.000000,79918.366736,1.019817,0.000017,331.227425,5.000000,0.000003,9.093327,0.003583,5.000000,-56.643020,32.990305,-106.960959,5.000000,-0.754361,29.415895,-0.000086,-294.158952,1.465465,1241.794486,575813.012166,577054.806652,0.000000,2674.883628
84.000000,850.898552,5.701373,1952.663002,5.000000,0.000001,-7.593154,0.359900,-0.616665,0.600554,-0.359851,-0.666336,-0.008774,0.000000,-0.000000,0.000002,0.003576,0.000000,0.000000,0.000000,-0.000003,0.000095,294.158872,0.000000,0.000000,0.000000,79963.545285,1.020393,0.000017,331.227425,5.000000,0.000004,9.091534,0.003581,5.000000,-56.635580,32.990305,-106.960909,5.000000,-0.754361,29.415887,-0.000091,-294.158872,1.465465,1241.305349,574472.478734,575713.784083,0.000000,2674.355413
84.600000,853.898552,5.701373,1948.107745,5.000000,0.000001,-7.591009,0.359900,-0.616665,0.600554,-0.359851,-0.666336,-0.008774,0.000000,-0.000000,0.000002,0.003574,0.000000,0.000000,0.000000,-0.000003,0.000098,294.158792,0.000000,0.000000,0.000000,80008.731727,1.020970,0.000017,331.227425,5.000000,0.000004,9.089742,0.003578,5.000000,-56.628143,32.990305,-106.960859,5.000000,-0.754361,29.415879,-0.000094,-294.158792,1.465465,1240.816681,573132.324419,574373.141100,0.000000,2673.827602
85.200000,856.898552,5.701373,1943.553775,5.000000,0.000001,-7.588865,0.359900,-0.616665,0.600554,-0.359851,-0.666336,-0.008774,0.000000,-0.000000,0.000002,0.003571,0.000000,0.000000,0.000000,-0.000004,0.000100,294.158712,0.000000,0.000000,0.000000,80053.926060,1.021546,0.000017,331.227425,5.000000,0.000004,9.087952,0.003576,5.000000,-56.620707,32.990305,-106.960810,5.000000,-0.754361,29.415871,-0.000095,-294.158712,1.465465,1240.328480,571792.548964,573032.877444,0.000000,2673.300193
85.800000,859.898552,5.701373,1939.001093,5.000000,0.000001,-7.586722,0.359900,-0.616665,0.600554,-0.359851,-0.666336,-0.008774,0.000000,-0.000000,0.000002,0.003569,0.000000,0.000000,0.000000,-0.000004,0.000099,294.158632,0.000000,0.000000,0.000000,80099.128282,1.022123,0.000017,331.227425,5.000000,0.000004,9.086163,0.003574,5.000000,-56.613273,32.990305,-106.960760,5.000000,-0.754361,29.415863,-0.000094,-294.158632,1.465465,1239.840745,570453.152113,571692.992858,0.000000,2672.773186
86.400000,862.898552,5.701373,1934.449697,5.000000,0.000001,-7.584581,0.359900,-0.616665,0.600554,-0.359851,-0.666336,-0.008774,0.000000,-0.000000,0.000002,0.003566,0.000000,0.000000,0.000000,-0.000004,0.000095,294.158553,0.000000,0.000000,0.000000,80144.338392,1.022700,0.000017,331.227425,5.000000,0.000004,9.084375,0.003571,5.000000,-56.605842,32.990305,-106.960710,5.000000,-0.754361,29.415855,-0.000091,-294.158553,1.465465,1239.353477,569114.133610,570353.487087,0.000000,2672.246581
87.000000,865.898552,5.701372,1929.899586,5.000000,0.000001,-7.582441,0.359900,-0.616665,0.600554,-0.359851,-0.666336,-0.008774,0.000000,-0.000000,0.000002,0.003564,0.000000,0.000000,0.000000,-0.000004,0.000090,294.158474,0.000000,0.000000,0.000000,80189.556389,1.023277,0.000017,331.227425,5.000000,0.000003,9.082589,0.003568,5.000000,-56.598413,32.990305,-106.960661,5.000000,-0.754361,29.415847,-0.000085,-294.158474,1.465465,1238.866673,567775.493199,569014.359872,0.000000,2671.720377
87.600000,868.898552,5.701372,1925.350759,5.000000,0.000001,-7.580303,0.359900,-0.616665,0.600554,-0.359851,-0.666336,-0.008774,0.000000,-0.000000,0.000002,0.003561,0.000000,0.000000,0.000000,-0.000005,0.000081,294.158396,0.000000,0.000000,0.000000,80234.782269,1.023854,0.000017,331.227425,5.000000,0.000003,9.080803,0.003565,5.000000,-56.590985,32.990305,-106.960611,5.000000,-0.754361,29.415840,-0.000076,-294.158396,1.465465,1238.380335,566437.230623,567675.610958,0.000000,2671.194574
88.200000,871.898552,5.701371,1920.803216,5.000000,0.000001,-7.578166,0.359900,-0.616665,0.600554,-0.359851,-0.666336,-0.008774,0.000000,-0.000000,0.000002,0.003559,0.000000,0.000000,0.000000,-0.000005,0.000069,294.158317,0.000000,0.000000,0.000000,80280.016033,1.024431,0.000017,331.227425,5.000000,0.000003,9.079020,0.003562,5.000000,-56.583560,32.990305,-106.960561,5.000000,-0.754361,29.415832,-0.000064,-294.158317,1.465465,1237.894460,565099.345627,566337.240087,0.000000,2670.669172
88.800000,874.898552,5.701371,1916.256955,5.000000,0.000001,-7.576030,0.359900,-0.616665,0.600554,-0.359851,-0.666336,-0.008774,0.000000,-0.000000,0.000001,0.003557,0.000000,0.000000,0.000000,-0.000005,0.000054,294.158239,0.000000,0.000000,0.000000,80325.257678,1.025009,0.000017,331.227425,5.000000,0.000002,9.077237,0.003559,5.000000,-56.576137,32.990305,-106.960512,5.000000,-0.754361,29.415824,-0.000049,-294.158239,1.465465,1237.409049,563761.837954,564999.247003,0.000000,2670.144170
89.400000,877.898552,5.701370,1911.711976,5.000000,0.000000,-7.573896,0.359900,-0.616665,0.600554,-0.359851,-0.666336,-0.008774,0.000000,-0.000000,0.000001,0.003554,0.000000,0.000000,0.000000,-0.000005,0.000035,294.158161,0.000000,0.000000,0.000000,80370.507202,1.025586,0.000017,331.227425,5.000000,0.000001,9.075456,0.003556,5.000000,-56.568716,32.990305,-106.960462,5.000000,-0.754361,29.415816,-0.000030,-294.158161,1.465465,1236.924101,562424.707347,563661.631448,0.000000,2669.619568
90.000000,880.898552,5.701369,1907.168277,5.000000,0.000000,-7.571764,0.359900,-0.616665,0.600554,-0.359851,-0.666336,-0.008774,0.000000,-0.000000,0.000000,0.003552,0.000000,0.000000,0.000000,-0.000005,0.000013,294.158083,0.000000,0.000000,0.000000,80415.764603,1.026164,0.000017,331.227425,5.000000,0.000000,9.073677,0.003552,5.000000,-56.561297,32.990305,-106.960412,5.000000,-0.754361,29.415808,-0.000007,-294.158083,1.465465,1236.439614,561087.953551,562324.393166,0.000000,2669.095365
90.600000,883.898552,5.701367,1902.625859,5.000000,-0.000000,-7.569633,0.359900,-0.616665,0.600554,-0.359851,-0.666336,-0.008774,0.000000,-0.000000,-0.000000,0.003549,-0.000000,-0.000000,0.000000,-0.000005,-0.000014,294.158006,-0.000000,-0.000000,0.000000,80461.029881,1.026741,0.000017,331.227425,5.000000,-0.000001,9.071898,0.003549,5.000000,-56.553880,32.990305,-106.960363,5.000000,-0.754361,29.415801,0.000019,-294.158006,1.465465,1235.955590,559751.576310,560987.531900,-0.000000,2668.571561
91.200000,886.898552,5.701366,1898.084719,5.000000,-0.000001,-7.567503,0.359900,-0.616665,0.600554,-0.359851,-0.666336,-0.008774,0.000000,-0.000000,-0.000001,0.003547,-0.000000,-0.000000,0.000000,-0.000006,-0.000044,294.157929,-0.000000,-0.000000,0.000000,80506.303033,1.027319,0.000017,331.227425,5.000000,-0.000002,9.070122,0.003545,5.000000,-56.546465,32.990305,-106.960313,5.000000,-0.754361,29.415793,0.000049,-294.157929,1.465465,1235.472026,558415.575370,559651.047396,-0.000000,2668.048155
91.800000,889.898552,5.701364,1893.544858,5.000000,-0.000001,-7.565375,0.359900,-0.616665,0.600554,-0.359851,-0.666336,-0.008774,0.000000,-0.000000,-0.000002,0.003545,-0.000000,-0.000000,0.000000,-0.000006,-0.000078,294.157852,-0.000000,-0.000000,0.000000,80551.584058,1.027897,0.000017,331.227425,5.000000,-0.000003,9.068346,0.003541,5.000000,-56.539052,32.990305,-106.960263,5.000000,-0.754361,29.415785,0.000083,-294.157852,1.465465,1234.988922,557079.950484,558314.939406,-0.000000,2667.525147
92.400000,892.898552,5.701362,1889.006274,5.000000,-0.000001,-7.563248,0.359900,-0.616665,0.600554,-0.359851,-0.666336,-0.008774,0.000000,-0.000000,-0.000003,0.003542,-0.000000,-0.000000,0.000000,-0.000006,-0.000113,294.157775,-0.000000,-0.000000,0.000000,80596.872954,1.028475,0.000017,331.227425,5.000000,-0.000004,9.066572,0.003537,5.000000,-56.531642,32.990305,-106.960214,5.000000,-0.754361,29.415778,0.000118,-294.157775,1.465465,1234.506278,555744.701402,556979.207681,-0.000000,2667.002537
93.000000,895.898552,5.701360,1884.468967,5.000000,-0.000002,-7.561123,0.359900,-0.616665,0.600554,-0.359851,-0.666336,-0.008774,0.000000,-0.000000,-0.000003,0.003540,-0.000000,-0.000000,0.000000,-0.000005,-0.000150,294.157699,-0.000000,-0.000000,0.000000,80642.169719,1.029053,0.000017,331.227425,5.000000,-0.000006,9.064799,0.003533,5.000000,-56.524233,32.990305,-106.960164,5.000000,-0.754361,29.415770,0.000155,-294.157699,1.465465,1234.024094,554409.827876,555643.851970,-0.000000,2666.480324
93.600000,898.898552,5.701358,1879.932936,5.000000,-0.000002,-7.558999,0.359900,-0.616665,0.600554,-0.359851,-0.666336,-0.008774,0.000000,-0.000000,-0.000004,0.003538,-0.000000,-0.000000,0.000000,-0.000005,-0.000187,294.157623,-0.000000,-0.000000,0.000000,80687.474351,1.029631,0.000017,331.227425,5.000000,-0.000007,9.063027,0.003529,5.000000,-56.516827,32.990305,-106.960114,5.000000,-0.754361,29.415762,0.000192,-294.157623,1.465465,1233.542367,553075.329658,554308.872025,-0.000000,2665.958507
94.200000,901.898552,5.701356,1875.398179,5.000000,-0.000003,-7.556876,0.359900,-0.616665,0.600554,-0.359851,-0.666336,-0.008774,0.000000,-0.000000,-0.000005,0.003535,-0.000000,-0.000000,0.000000,-0.000005,-0.000224,294.157547,-0.000000,-0.000000,0.000000,80732.786849,1.030209,0.000017,331.227425,5.000000,-0.000008,9.061257,0.003524,5.000000,-56.509422,32.990305,-106.960065,5.000000,-0.754361,29.415755,0.000229,-294.157547,1.465465,1233.061099,551741.206498,552974.267596,-0.000000,2665.437086
94.800000,904.898552,5.701355,1870.864696,5.000000,-0.000003,-7.554755,0.359900,-0.616665,0.600554,-0.359851,-0.666336,-0.008774,0.000000,-0.000000,-0.000006,0.003533,-0.000000,-0.000000,0.000000,-0.000005,-0.000260,294.157471,-0.000000,-0.000000,0.000000,80778.107212,1.030787,0.000017,331.227425,5.000000,-0.000010,9.059488,0.003520,5.000000,-56.502020,32.990305,-106.960015,5.000000,-0.754361,29.415747,0.000264,-294.157471,1.465465,1232.580287,550407.458148,551640.038434,-0.000000,2664.916061
95.400000,907.898552,5.701353,1866.332486,5.000000,-0.000004,-7.552635,0.359900,-0.616665,0.600554,-0.359851,-0.666336,-0.008774,0.000000,-0.000000,-0.000007,0.003531,-0.000000,-0.000000,0.000000,-0.000005,-0.000293,294.157396,-0.000000,-0.000000,0.000000,80823.435436,1.031366,0.000017,331.227425,5.000000,-0.000011,9.057720,0.003516,5.000000,-56.494620,32.990305,-106.959965,5.000000,-0.754361,29.415740,0.000298,-294.157396,1.465465,1232.099932,549074.084359,550306.184291,-0.000000,2664.395430
96.000000,910.898552,5.701351,1861.801549,5.000000,-0.000004,-7.550517,0.359900,-0.616665,0.600554,-0.359851,-0.666336,-0.008774,0.000000,-0.000000,-0.000007,0.003528,-0.000000,-0.000000,0.000000,-0.000005,-0.000324,294.157321,-0.000000,-0.000000,0.000000,80868.771522,1.031944,0.000017,331.227425,5.000000,-0.000012,9.055954,0.003513,5.000000,-56.487221,32.990305,-106.959916,5.000000,-0.754361,29.415732,0.000329,-294.157321,1.465465,1231.620033,547741.084882,548972.704915,-0.000000,2663.875193
96.600000,913.898552,5.701350,1857.271883,5.000000,-0.000004,-7.548400,0.359900,-0.616665,0.600554,-0.359851,-0.666336,-0.008774,0.000000,-0.000000,-0.000008,0.003526,-0.000000,-0.000000,0.000000,-0.000005,-0.000351,294.157246,-0.000000,-0.000000,0.000000,80914.115466,1.032523,0.000017,331.227425,5.000000,-0.000013,9.054189,0.003509,5.000000,-56.479825,32.990305,-106.959866,5.000000,-0.754361,29.415725,0.000356,-294.157246,1.465465,1231.140589,546408.459470,547639.600059,-0.000000,2663.355350
97.200000,916.898552,5.701349,1852.743488,5.000000,-0.000005,-7.546284,0.359900,-0.616665,0.600554,-0.359851,-0.666336,-0.008774,0.000000,-0.000000,-0.000008,0.003524,-0.000000,-0.000000,0.000000,-0.000005,-0.000374,294.157171,-0.000000,-0.000000,0.000000,80959.467267,1.033102,0.000017,331.227425,5.000000,-0.000014,9.052426,0.003506,5.000000,-56.472431,32.990305,-106.959816,5.000000,-0.754361,29.415717,0.000378,-294.157171,1.465465,1230.661600,545076.207873,546306.869473,-0.000000,2662.835900
97.800000,919.898552,5.701348,1848.216363,5.000000,-0.000005,-7.544170,0.359900,-0.616665,0.600554,-0.359851,-0.666336,-0.008774,0.000000,-0.000000,-0.000009,0.003521,-0.000000,-0.000000,0.000000,-0.000004,-0.000391,294.157096,-0.000000,-0.000000,0.000000,81004.826924,1.033681,0.000017,331.227425,5.000000,-0.000015,9.050663,0.003502,5.000000,-56.465039,32.990305,-106.959767,5.000000,-0.754361,29.415710,0.000395,-294.157096,1.465465,1230.183065,543744.329842,544974.512907,-0.000000,2662.316843
98.400000,922.898552,5.701347,1843.690506,5.000000,-0.000005,-7.542058,0.359900,-0.616665,0.600554,-0.359851,-0.666336,-0.008774,0.000000,-0.000000,-0.000009,0.003519,-0.000000,-0.000000,0.000000,-0.000004,-0.000402,294.157022,-0.000000,-0.000000,0.000000,81050.194435,1.034260,0.000017,331.227425,5.000000,-0.000015,9.048902,0.003500,5.000000,-56.457649,32.990305,-106.959717,5.000000,-0.754361,29.415702,0.000406,-294.157022,1.465465,1229.704983,542412.825130,543642.530113,-0.000000,2661.798178
99.000000,925.898552,5.701347,1839.165918,5.000000,-0.000005,-7.539946,0.359900,-0.616665,0.600554,-0.359851,-0.666336,-0.008774,0.000000,-0.000000,-0.000009,0.003517,-0.000000,-0.000000,0.000000,-0.000004,-0.000406,294.156947,-0.000000,-0.000000,0.000000,81095.569799,1.034839,0.000017,331.227425,5.000000,-0.000015,9.047143,0.003497,5.000000,-56.450261,32.990305,-106.959667,5.000000,-0.754361,29.415695,0.000410,-294.156947,1.465465,1229.227354,541081.693487,542310.920841,-0.000000,2661.279904
99.600000,928.898552,5.701347,1834.642597,5.000000,-0.000005,-7.537837,0.359900,-0.616665,0.600554,-0.359851,-0.666336,-0.008774,0.000000,-0.000000,-0.000009,0.003514,-0.000000,-0.000000,0.000000,-0.000004,-0.000402,294.156873,-0.000000,-0.000000,0.000000,81140.953012,1.035418,0.000017,331.227425,5.000000,-0.000015,9.045385,0.003495,5.000000,-56.442875,32.990305,-106.959617,5.000000,-0.754361,29.415687,0.000406,-294.156873,1.465465,1228.750177,539750.934664,540979.684841,-0.000000,2660.762022
100.200000,931.898552,5.701348,1830.120542,5.000000,-0.000005,-7.535728,0.359900,-0.616665,0.600554,-0.359851,-0.666336,-0.008774,0.000000,-0.000000,-0.000009,0.003512,-0.000000,-0.000000,0.000000,-0.000004,-0.000390,294.156799,-0.000000,-0.000000,0.000000,81186.344074,1.035997,0.000017,331.227425,5.000000,-0.000015,9.043628,0.003493,5.000000,-56.435491,32.990305,-106.959568,5.000000,-0.754361,29.415680,0.000393,-294.156799,1.465465,1228.273452,538420.548414,539648.821865,-0.000000,2660.244530
100.800000,934.898552,5.701349,1825.599753,5.000000,-0.000004,-7.533621,0.359900,-0.616665,0.600554,-0.359851,-0.666336,-0.008774,0.000000,-0.000000,-0.000008,0.003510,-0.000000,-0.000000,0.000000,-0.000003,-0.000368,294.156725,-0.000000,-0.000000,0.000000,81231.742983,1.036576,0.000017,331.227425,5.000000,-0.000014,9.041872,0.003492,5.000000,-56.428110,32.990305,-106.959518,5.000000,-0.754361,29.415672,0.000371,-294.156725,1.465465,1227.797177,537090.534487,538318.331664,-0.000000,2659.727428
101.400000,937.898552,5.701351,1821.080228,5.000000,-0.000004,-7.531515,0.359900,-0.616665,0.600554,-0.359851,-0.666336,-0.008774,0.000000,-0.000000,-0.000007,0.003507,-0.000000,-0.000000,0.000000,-0.000003,-0.000335,294.156651,-0.000000,-0.000000,0.000000,81277.149738,1.037156,0.000017,331.227425,5.000000,-0.000013,9.040118,0.003491,5.000000,-56.420730,32.990305,-106.959468,5.000000,-0.754361,29.415665,0.000338,-294.156651,1.465465,1227.321353,535760.892634,536988.213987,-0.000000,2659.210715
102.000000,940.898552,5.701353,1816.561968,5.000000,-0.000004,-7.529411,0.359900,-0.616665,0.600554,-0.359851,-0.666336,-0.008774,0.000000,-0.000000,-0.000006,0.003505,-0.000000,-0.000000,0.000000,-0.000003,-0.000291,294.156578,-0.000000,-0.000000,0.000000,81322.564336,1.037735,0.000017,331.227425,5.000000,-0.000011,9.038365,0.003491,5.000000,-56.413352,32.990305,-106.959419,5.000000,-0.754361,29.415658,0.000294,-294.156578,1.465465,1226.845979,534431.622608,535658.468586,-0.000000,2658.694392
102.600000,943.898552,5.701356,1812.044970,5.000000,-0.000003,-7.527308,0.359900,-0.616665,0.600554,-0.359851,-0.666336,-0.008774,0.000000,-0.000000,-0.000005,0.003503,-0.000000,-0.000000,0.000000,-0.000003,-0.000236,294.156504,-0.000000,-0.000000,0.000000,81367.986776,1.038315,0.000017,331.227425,5.000000,-0.000009,9.036613,0.003492,5.000000,-56.405977,32.990305,-106.959369,5.000000,-0.754361,29.415650,0.000238,-294.156504,1.465465,1226.371053,533102.724159,534329.095212,-0.000000,2658.178456
103.200000,946.898552,5.701359,1807.529235,5.000000,-0.000002,-7.525207,0.359900,-0.616665,0.600554,-0.359851,-0.666336,-0.008774,0.000000,-0.000000,-0.000004,0.003501,-0.000000,-0.000000,0.000000,-0.000002,-0.000167,294.156430,-0.000000,-0.000000,0.000000,81413.417056,1.038894,0.000017,331.227425,5.000000,-0.000006,9.034863,0.003493,5.000000,-56.398603,32.990305,-106.959319,5.000000,-0.754361,29.415643,0.000170,-294.156430,1.465465,1225.896576,531774.197039,533000.093615,-0.000000,2657.662909
103.800000,949.898552,5.701364,1803.014760,5.000000,-0.000001,-7.523107,0.359900,-0.616665,0.600554,-0.359851,-0.666336,-0.008774,0.000000,-0.000000,-0.000002,0.003498,-0.000000,-0.000000,0.000000,-0.000002,-0.000085,294.156357,-0.000000,-0.000000,0.000000,81458.855175,1.039474,0.000017,331.227425,5.000000,-0.000003,9.033113,0.003494,5.000000,-56.391231,32.990305,-106.959270,5.000000,-0.754361,29.415636,0.000087,-294.156357,1.465465,1225.422547,530446.040998,531671.463545,-0.000000,2657.147749
104.400000,952.898552,5.701368,1798.501547,5.000000,0.000000,-7.521008,0.359900,-0.616665,0.600554,-0.359851,-0.666336,-0.008774,0.000000,-0.000000,0.000000,0.003496,0.000000,0.000000,0.000000,-0.000002,0.000012,294.156284,0.000000,0.000000,0.000000,81504.301130,1.040054,0.000017,331.227425,5.000000,0.000000,9.031366,0.003497,5.000000,-56.383862,32.990305,-106.959220,5.000000,-0.754361,29.415628,-0.000010,-294.156284,1.465465,1224.948964,529118.255790,530343.204754,0.000000,2656.632975
105.000000,955.898552,5.701374,1793.989593,5.000000,0.000002,-7.518911,0.359900,-0.616665,0.600554,-0.359851,-0.666336,-0.008774,0.000000,-0.000000,0.000003,0.003494,0.000000,0.000000,0.000000,-0.000002,0.000123,294.156210,0.000000,0.000000,0.000000,81549.754921,1.040634,0.000017,331.227425,5.000000,0.000005,9.029619,0.003500,5.000000,-56.376494,32.990305,-106.959170,5.000000,-0.754361,29.415621,-0.000121,-294.156210,1.465465,1224.475829,527790.841149,529015.316978,0.000000,2656.118588
105.600000,958.898552,5.701380,1789.478897,5.000000,0.000003,-7.516815,0.359900,-0.616665,0.600554,-0.359851,-0.666336,-0.008774,0.000000,-0.000000,0.000005,0.003491,0.000000,0.000000,0.000000,-0.000002,0.000246,294.156137,0.000000,0.000000,0.000000,81595.216548,1.041214,0.000017,331.227425,5.000000,0.000009,9.027874,0.003503,5.000000,-56.369129,32.990305,-106.959121,5.000000,-0.754361,29.415614,-0.000244,-294.156137,1.465465,1224.003139,526463.796772,527687.799911,0.000000,2655.604587
106.200000,961.898552,5.701387,1784.969459,5.000000,0.000005,-7.514721,0.359900,-0.616665,0.600554,-0.359851,-0.666336,-0.008774,0.000000,-0.000000,0.000008,0.003489,0.000000,0.000000,0.000000,-0.000001,0.000378,294.156064,0.000000,0.000000,0.000000,81640.686012,1.041795,0.000017,331.227425,5.000000,0.000014,9.026130,0.003507,5.000000,-56.361766,32.990305,-106.959071,5.000000,-0.754361,29.415606,-0.000376,-294.156064,1.465465,1223.530894,525137.122345,526360.653239,0.000000,2655.090971
106.800000,964.898552,5.701394,1780.461277,5.000000,0.000006,-7.512628,0.359900,-0.616665,0.600554,-0.359851,-0.666336,-0.008774,0.000000,-0.000000,0.000011,0.003487,0.000000,0.000000,0.000000,-0.000001,0.000515,294.155991,0.000000,0.000000,0.000000,81686.163314,1.042375,0.000017,331.227425,5.000000,0.000019,9.024388,0.003512,5.000000,-56.354404,32.990305,-106.959021,5.000000,-0.754361,29.415599,-0.000514,-294.155991,1.465465,1223.059095,523810.817556,525033.876651,0.000000,2654.577739
107.400000,967.898552,5.701401,1775.954351,5.000000,0.000008,-7.510536,0.359900,-0.616665,0.600554,-0.359851,-0.666336,-0.008774,0.000000,-0.000000,0.000015,0.003485,0.000000,0.000000,0.000000,-0.000001,0.000655,294.155918,0.000000,0.000000,0.000000,81731.648454,1.042955,0.000017,331.227425,5.000000,0.000025,9.022647,0.003516,5.000000,-56.347045,32.990305,-106.958972,5.000000,-0.754361,29.415592,-0.000654,-294.155918,1.465465,1222.587739,522484.882094,523707.469833,0.000000,2654.064892
108.000000,970.898552,5.701408,1771.448679,5.000000,0.000010,-7.508446,0.359900,-0.616665,0.600554,-0.359851,-0.666336,-0.008774,0.000000,-0.000000,0.000018,0.003482,0.000000,0.000000,0.000000,-0.000001,0.000794,294.155845,0.000000,0.000000,0.000000,81777.141433,1.043536,0.000017,331.227425,5.000000,0.000030,9.020907,0.003521,5.000000,-56.339688,32.990305,-106.958922,5.000000,-0.754361,29.415585,-0.000793,-294.155845,1.465465,1222.116826,521159.315645,522381.432471,0.000000,2653.552428
108.600000,973.898552,5.701415,1766.944260,5.000000,0.000011,-7.506357,0.359900,-0.616665,0.600554,-0.359851,-0.666336,-0.008774,0.000000,-0.000000,0.000021,0.003480,0.000000,0.000000,0.000000,-0.000001,0.000930,294.155772,0.000000,0.000000,0.000000,81822.642252,1.044117,0.000017,331.227425,5.000000,0.000035,9.019168,0.003525,5.000000,-56.332333,32.990305,-106.958872,5.000000,-0.754361,29.415577,-0.000929,-294.155772,1.465465,1221.646357,519834.117897,521055.764254,0.000000,2653.040347
109.200000,976.898552,5.701422,1762.441094,5.000000,0.000013,-7.504269,0.359900,-0.616665,0.600554,-0.359851,-0.666336,-0.008774,0.000000,-0.000000,0.000024,0.003478,0.000000,0.000000,0.000000,-0.000001,0.001060,294.155699,0.000000,0.000000,0.000000,81868.150912,1.044697,0.000017,331.227425,5.000000,0.000040,9.017431,0.003529,5.000000,-56.324979,32.990305,-106.958823,5.000000,-0.754361,29.415570,-0.001059,-294.155699,1.465465,1221.176329,518509.288538,519730.464867,0.000000,2652.528649
109.800000,979.898552,5.701428,1757.939178,5.000000,0.000014,-7.502183,0.359900,-0.616665,0.600554,-0.359851,-0.666336,-0.008774,0.000000,-0.000000,0.000026,0.003476,0.000000,0.000000,0.000000,-0.000001,0.001179,294.155626,0.000000,0.000000,0.000000,81913.667414,1.045278,0.000017,331.227425,5.000000,0.000044,9.015695,0.003532,5.000000,-56.317628,32.990305,-106.958773,5.000000,-0.754361,29.415563,-0.001178,-294.155626,1.465465,1220.706743,517184.827255,518405.533998,0.000000,2652.017332
110.400000,982.898552,5.701433,1753.438513,5.000000,0.000016,-7.500098,0.359900,-0.616665,0.600554,-0.359851,-0.666336,-0.008774,0.000000,-0.000000,0.000029,0.003473,0.000000,0.000000,0.000000,-0.000000,0.001286,294.155553,0.000000,0.000000,0.000000,81959.191757,1.045859,0.000017,331.227425,5.000000,0.000048,9.013960,0.003535,5.000000,-56.310279,32.990305,-106.958723,5.000000,-0.754361,29.415555,-0.001285,-294.155553,1.465465,1220.237598,515860.733736,517080.971334,0.000000,2651.506397
111.000000,985.898552,5.701438,1748.939096,5.000000,0.000017,-7.498015,0.359900,-0.616665,0.600554,-0.359851,-0.666336,-0.008774,0.000000,-0.000000,0.000031,0.003471,0.000000,0.000000,0.000000,-0.000000,0.001377,294.155480,0.000000,0.000000,0.000000,82004.723944,1.046440,0.000017,331.227425,5.000000,0.000052,9.012227,0.003537,5.000000,-56.302932,32.990305,-106.958674,5.000000,-0.754361,29.415548,-0.001376,-294.155480,1.465465,1219.768893,514537.007668,515756.776561,0.000000,2650.995843
111.600000,988.898552,5.701442,1744.440928,5.000000,0.000018,-7.495933,0.359900,-0.616665,0.600554,-0.359851,-0.666336,-0.008774,0.000000,-0.000000,0.000032,0.003469,0.000000,0.000000,0.000000,-0.000000,0.001448,294.155407,0.000000,0.000000,0.000000,82050.263974,1.047021,0.000017,331.227425,5.000000,0.000054,9.010494,0.003539,5.000000,-56.295587,32.990305,-106.958624,5.000000,-0.754361,29.415541,-0.001448,-294.155407,1.465465,1219.300628,513213.648739,514432.949367,0.000000,2650.485669
112.200000,991.898552,5.701444,1739.944006,5.000000,0.000018,-7.493852,0.359900,-0.616665,0.600554,-0.359851,-0.666336,-0.008774,0.000000,-0.000000,0.000033,0.003466,0.000000,0.000000,0.000000,-0.000000,0.001498,294.155333,0.000000,0.000000,0.000000,82095.811849,1.047602,0.000017,331.227425,5.000000,0.000056,9.008764,0.003539,5.000000,-56.288244,32.990305,-106.958574,5.000000,-0.754361,29.415534,-0.001498,-294.155333,1.465465,1218.832802,511890.656637,513109.489439,0.000000,2649.975875
112.800000,994.898552,5.701445,1735.448330,5.000000,0.000019,-7.491773,0.359900,-0.616665,0.600554,-0.359851,-0.666336,-0.008774,0.000000,-0.000000,0.000034,0.003464,0.000000,0.000000,0.000000,-0.000000,0.001522,294.155260,0.000000,0.000000,0.000000,82141.367570,1.048184,0.000017,331.227425,5.000000,0.000057,9.007034,0.003538,5.000000,-56.280903,32.990305,-106.958525,5.000000,-0.754361,29.415526,-0.001522,-294.155260,1.465465,1218.365414,510568.031049,511786.396463,0.000000,2649.466460
113.400000,997.898552,5.701445,1730.953899,5.000000,0.000019,-7.489695,0.359900,-0.616665,0.600554,-0.359851,-0.666336,-0.008774,0.000000,-0.000000,0.000034,0.003462,0.000000,0.000000,0.000000,-0.000000,0.001519,294.155187,0.000000,0.000000,0.000000,82186.931136,1.048765,0.000017,331.227425,5.000000,0.000057,9.005306,0.003535,5.000000,-56.273564,32.990305,-106.958475,5.000000,-0.754361,29.415519,-0.001519,-294.155187,1.465465,1217.898464,509245.771663,510463.670126,0.000000,2648.957424
114.000000,1000.898552,5.701443,1726.460712,5.000000,0.000018,-7.487619,0.359900,-0.616665,0.600554,-0.359851,-0.666336,-0.008774,0.000000,-0.000000,0.000033,0.003460,0.000000,0.000000,0.000000,-0.000000,0.001484,294.155114,0.000000,0.000000,0.000000,82232.502550,1.049347,0.000017,331.227425,5.000000,0.000056,9.003579,0.003531,5.000000,-56.266227,32.990305,-106.958425,5.000000,-0.754361,29.415512,-0.001484,-294.155114,1.465465,1217.431951,507923.878165,509141.310116,0.000000,2648.448766
114.600000,1003.898552,5.701440,1721.968767,5.000000,0.000017,-7.485543,0.359900,-0.616665,0.600554,-0.359851,-0.666336,-0.008774,0.000000,0.000000,0.000031,0.003457,0.000000,0.000000,0.000000,0.000000,0.001414,294.155040,0.000000,0.000000,0.000000,82278.081811,1.049928,0.000017,331.227425,5.000000,0.000053,9.001853,0.003526,5.000000,-56.258892,32.990305,-106.958376,5.000000,-0.754361,29.415504,-0.001414,-294.155040,1.465465,1216.965875,506602.350245,507819.316120,0.000000,2647.940486
115.200000,1006.898552,5.701434,1717.478064,5.000000,0.000016,-7.483470,0.359900,-0.616665,0.600554,-0.359851,-0.666336,-0.008774,0.000000,0.000000,0.000029,0.003455,0.000000,0.000000,0.000000,0.000000,0.001307,294.154967,0.000000,0.000000,0.000000,82323.668920,1.050510,0.000017,331.227425,5.000000,0.000049,9.000129,0.003518,5.000000,-56.251559,32.990305,-106.958326,5.000000,-0.754361,29.415497,-0.001307,-294.154967,1.465465,1216.500234,505281.187589,506497.687824,0.000000,2647.432583
115.800000,1009.898552,5.701427,1712.988601,5.000000,0.000014,-7.481397,0.359900,-0.616665,0.600554,-0.359851,-0.666336,-0.008774,0.000000,0.000000,0.000026,0.003453,0.000000,0.000000,0.000000,0.000000,0.001160,294.154893,0.000000,0.000000,0.000000,82369.263879,1.051092,0.000017,331.227425,5.000000,0.000044,8.998406,0.003509,5.000000,-56.244228,32.990305,-106.958276,5.000000,-0.754361,29.415490,-0.001160,-294.154893,1.465465,1216.035029,503960.389886,505176.424915,0.000000,2646.925056
116.400000,1012.898552,5.701417,1708.500378,5.000000,0.000012,-7.479326,0.359900,-0.616665,0.600554,-0.359851,-0.666336,-0.008774,0.000000,0.000000,0.000022,0.003451,0.000000,0.000000,0.000000,0.000000,0.000969,294.154820,0.000000,0.000000,0.000000,82414.866687,1.051674,0.000017,331.227425,5.000000,0.000036,8.996684,0.003497,5.000000,-56.236899,32.990305,-106.958227,5.000000,-0.754361,29.415482,-0.000969,-294.154820,1.465465,1215.570258,502639.956822,503855.527080,0.000000,2646.417905
117.000000,1015.898552,5.701405,1704.013393,5.000000,0.000009,-7.477256,0.359900,-0.616665,0.600554,-0.359851,-0.666336,-0.008774,0.000000,0.000000,0.000016,0.003448,0.000000,0.000000,0.000000,0.000000,0.000731,294.154746,0.000000,0.000000,0.000000,82460.477347,1.052256,0.000017,331.227425,5.000000,0.000027,8.994963,0.003484,5.000000,-56.229572,32.990305,-106.958177,5.000000,-0.754361,29.415475,-0.000731,-294.154746,1.465465,1215.105922,501319.888085,502534.994007,0.000000,2645.911130
117.600000,1018.898552,5.701390,1699.527645,5.000000,0.000005,-7.475188,0.359900,-0.616665,0.600554,-0.359851,-0.666336,-0.008774,0.000000,0.000000,0.000010,0.003446,0.000000,0.000000,0.000000,0.000000,0.000443,294.154672,0.000000,0.000000,0.000000,82506.095857,1.052838,0.000017,331.227425,5.000000,0.000017,8.993244,0.003467,5.000000,-56.222247,32.990305,-106.958127,5.000000,-0.754361,29.415467,-0.000443,-294.154672,1.465465,1214.642019,500000.183362,501214.825381,0.000000,2645.404730
118.200000,1021.898552,5.701373,1695.043133,5.000000,0.000001,-7.473121,0.359900,-0.616665,0.600554,-0.359851,-0.666336,-0.008774,0.000000,0.000000,0.000002,0.003444,0.000000,0.000000,0.000000,0.000000,0.000102,294.154598,0.000000,0.000000,0.000000,82551.722221,1.053420,0.000017,331.227425,5.000000,0.000004,8.991526,0.003449,5.000000,-56.214925,32.990305,-106.958078,5.000000,-0.754361,29.415460,-0.000102,-294.154598,1.465465,1214.178549,498680.842343,499895.020891,0.000000,2644.898704
118.800000,1024.898552,5.701353,1690.559857,5.000000,-0.000004,-7.471055,0.359900,-0.616665,0.600554,-0.359851,-0.666336,-0.008774,0.000000,-0.000000,-0.000007,0.003441,-0.000000,-0.000000,0.000000,-0.000000,-0.000293,294.154524,-0.000000,-0.000000,0.000000,82597.356436,1.054002,0.000017,331.227425,5.000000,-0.000011,8.989809,0.003427,5.000000,-56.207604,32.990305,-106.958028,5.000000,-0.754361,29.415452,0.000293,-294.154524,1.465465,1213.715510,497361.864730,498575.580241,-0.000000,2644.393052
119.400000,1027.898552,5.701331,1686.077816,5.000000,-0.000009,-7.468991,0.359900,-0.616665,0.600554,-0.359851,-0.666336,-0.008774,0.000000,-0.000000,-0.000016,0.003439,-0.000000,-0.000000,0.000000,-0.000000,-0.000731,294.154450,-0.000000,-0.000000,0.000000,82642.998499,1.054585,0.000017,331.227425,5.000000,-0.000027,8.988094,0.003404,5.000000,-56.200285,32.990305,-106.957978,5.000000,-0.754361,29.415445,0.000731,-294.154450,1.465465,1213.252904,496043.250392,497256.503296,-0.000000,2643.887774
120.000000,1030.898552,5.701307,1681.597009,5.000000,-0.000015,-7.466928,0.359900,-0.616665,0.600554,-0.359851,-0.666336,-0.008774,0.000000,-0.000000,-0.000026,0.003437,-0.000000,-0.000000,0.000000,-0.000000,-0.001192,294.154376,-0.000000,-0.000000,0.000000,82688.648400,1.055167,0.000017,331.227425,5.000000,-0.000045,8.986380,0.003379,5.000000,-56.192968,32.990305,-106.957929,5.000000,-0.754361,29.415437,0.001192,-294.154376,1.465465,1212.790729,494724.999285,495937.790014,-0.000000,2643.382870
120.600000,1033.898552,5.701283,1677.117437,5.000000,-0.000020,-7.464867,0.359900,-0.616665,0.600554,-0.359851,-0.666336,-0.008774,0.000000,-0.000000,-0.000037,0.003435,-0.000000,-0.000000,0.000000,-0.000000,-0.001656,294.154302,-0.000000,-0.000000,0.000000,82734.306132,1.055750,0.000017,331.227425,5.000000,-0.000062,8.984667,0.003355,5.000000,-56.185654,32.990305,-106.957879,5.000000,-0.754361,29.415430,0.001656,-294.154302,1.465465,1212.328985,493407.111365,494619.440349,-0.000000,2642.878341
121.200000,1036.898552,5.701261,1672.639099,5.000000,-0.000026,-7.462806,0.359900,-0.616665,0.600554,-0.359851,-0.666336,-0.008774,0.000000,-0.000000,-0.000047,0.003432,-0.000000,-0.000000,0.000000,-0.000000,-0.002105,294.154227,-0.000000,-0.000000,0.000000,82779.971686,1.056333,0.000017,331.227425,5.000000,-0.000079,8.982955,0.003331,5.000000,-56.178341,32.990305,-106.957829,5.000000,-0.754361,29.415422,0.002105,-294.154227,1.465465,1211.867671,492089.586589,493301.454260,-0.000000,2642.374186
121.800000,1039.898552,5.701240,1668.161995,5.000000,-0.000031,-7.460748,0.359900,-0.616665,0.600554,-0.359851,-0.666336,-0.008774,0.000000,-0.000000,-0.000056,0.003430,-0.000000,-0.000000,0.000000,-0.000000,-0.002518,294.154153,-0.000000,-0.000000,0.000000,82825.645054,1.056916,0.000017,331.227425,5.000000,-0.000095,8.981245,0.003309,5.000000,-56.171030,32.990305,-106.957780,5.000000,-0.754361,29.415415,0.002518,-294.154153,1.465465,1211.406788,490772.424915,491983.831703,-0.000000,2641.870407
122.400000,1042.898552,5.701221,1663.686126,5.000000,-0.000035,-7.458690,0.359900,-0.616665,0.600554,-0.359851,-0.666336,-0.008774,0.000000,-0.000000,-0.000064,0.003428,-0.000000,-0.000000,0.000000,-0.000000,-0.002876,294.154079,-0.000000,-0.000000,0.000000,82871.326226,1.057498,0.000017,331.227425,5.000000,-0.000108,8.979536,0.003289,5.000000,-56.163721,32.990305,-106.957730,5.000000,-0.754361,29.415407,0.002876,-294.154079,1.465465,1210.946334,489455.626299,490666.572633,-0.000000,2641.367002
123.000000,1045.898552,5.701207,1659.211490,5.000000,-0.000039,-7.456634,0.359900,-0.616665,0.600554,-0.359851,-0.666336,-0.008774,0.000000,-0.000000,-0.000070,0.003426,-0.000000,-0.000000,0.000000,-0.000000,-0.003160,294.154006,-0.000000,-0.000000,0.000000,82917.015196,1.058081,0.000017,331.227425,5.000000,-0.000119,8.977828,0.003273,5.000000,-56.156415,32.990305,-106.957680,5.000000,-0.754361,29.415400,0.003160,-294.154006,1.465465,1210.486310,488139.190698,489349.677008,-0.000000,2640.863974
123.600000,1048.898552,5.701197,1654.738088,5.000000,-0.000041,-7.454579,0.359900,-0.616665,0.600554,-0.359851,-0.666336,-0.008774,0.000000,-0.000000,-0.000074,0.003423,-0.000000,-0.000000,0.000000,-0.000000,-0.003350,294.153933,-0.000000,-0.000000,0.000000,82962.711955,1.058665,0.000017,331.227425,5.000000,-0.000126,8.976121,0.003262,5.000000,-56.149110,32.990305,-106.957631,5.000000,-0.754361,29.415393,0.003350,-294.153933,1.465465,1210.026715,486823.118070,488033.144785,-0.000000,2640.361322
124.200000,1051.898552,5.701193,1650.265919,5.000000,-0.000042,-7.452526,0.359900,-0.616665,0.600554,-0.359851,-0.666336,-0.008774,0.000000,-0.000000,-0.000076,0.003421,-0.000000,-0.000000,0.000000,-0.000001,-0.003426,294.153860,-0.000000,-0.000000,0.000000,83008.416493,1.059248,0.000017,331.227425,5.000000,-0.000129,8.974416,0.003256,5.000000,-56.141807,32.990305,-106.957581,5.000000,-0.754361,29.415385,0.003426,-294.153860,1.465465,1209.567549,485507.408370,486716.975919,-0.000000,2639.859046
124.800000,1054.898552,5.701196,1645.794985,5.000000,-0.000041,-7.450474,0.359900,-0.616665,0.600554,-0.359851,-0.666336,-0.008774,0.000000,-0.000000,-0.000075,0.003419,-0.000000,-0.000000,0.000000,-0.000001,-0.003369,294.153787,-0.000000,-0.000000,0.000000,83054.128803,1.059831,0.000017,331.227425,5.000000,-0.000127,8.972712,0.003256,5.000000,-56.134507,32.990305,-106.957531,5.000000,-0.754361,29.415378,0.003370,-294.153787,1.465465,1209.108811,484192.061556,485401.170367,-0.000000,2639.357146
125.400000,1057.898552,5.701207,1641.325283,5.000000,-0.000039,-7.448423,0.359900,-0.616665,0.600554,-0.359851,-0.666336,-0.008774,0.000000,-0.000000,-0.000070,0.003417,-0.000000,-0.000000,0.000000,-0.000001,-0.003160,294.153715,-0.000000,-0.000000,0.000000,83099.848877,1.060415,0.000017,331.227425,5.000000,-0.000119,8.971009,0.003264,5.000000,-56.127208,32.990305,-106.957482,5.000000,-0.754361,29.415371,0.003161,-294.153715,1.465465,1208.650501,482877.077585,484085.728086,-0.000000,2638.855623
126.000000,1060.898552,5.701226,1636.856815,5.000000,-0.000034,-7.446373,0.359900,-0.616665,0.600554,-0.359851,-0.666336,-0.008774,0.000000,-0.000000,-0.000062,0.003414,-0.000000,-0.000000,0.000000,-0.000001,-0.002779,294.153643,-0.000000,-0.000000,0.000000,83145.576706,1.060998,0.000017,331.227425,5.000000,-0.000104,8.969307,0.003280,5.000000,-56.119911,32.990305,-106.957432,5.000000,-0.754361,29.415364,0.002780,-294.153643,1.465465,1208.192619,481562.456414,482770.649033,-0.000000,2638.354478
126.600000,1063.898552,5.701255,1632.389579,5.000000,-0.000027,-7.444325,0.359900,-0.616665,0.600554,-0.359851,-0.666336,-0.008774,0.000000,-0.000000,-0.000049,0.003412,-0.000000,-0.000000,0.000000,-0.000001,-0.002206,294.153572,-0.000000,-0.000000,0.000000,83191.312281,1.061582,0.000017,331.227425,5.000000,-0.000083,8.967607,0.003306,5.000000,-56.112617,32.990305,-106.957382,5.000000,-0.754361,29.415357,0.002207,-294.153572,1.465465,1207.735163,480248.198000,481455.933163,-0.000000,2637.853709
127.200000,1066.898552,5.701295,1627.923577,5.000000,-0.000017,-7.442279,0.359900,-0.616665,0.600554,-0.359851,-0.666336,-0.008774,0.000000,-0.000000,-0.000032,0.003410,-0.000000,-0.000000,0.000000,-0.000001,-0.001423,294.153502,-0.000000,-0.000000,0.000000,83237.055595,1.062165,0.000017,331.227425,5.000000,-0.000053,8.965908,0.003341,5.000000,-56.105324,32.990305,-106.957333,5.000000,-0.754361,29.415350,0.001423,-294.153502,1.465465,1207.278135,478934.302299,480141.580434,-0.000000,2637.353319
127.800000,1069.898552,5.701347,1623.458807,5.000000,-0.000005,-7.440233,0.359900,-0.616665,0.600554,-0.359851,-0.666336,-0.008774,0.000000,-0.000000,-0.000009,0.003408,-0.000000,-0.000000,0.000000,-0.000001,-0.000409,294.153432,-0.000000,-0.000000,0.000000,83282.806639,1.062749,0.000017,331.227425,5.000000,-0.000015,8.964211,0.003388,5.000000,-56.098033,32.990305,-106.957283,5.000000,-0.754361,29.415343,0.000409,-294.153432,1.465465,1206.821533,477620.769268,478827.590801,-0.000000,2636.853307
128.400000,1072.898552,5.701409,1618.995270,5.000000,0.000010,-7.438189,0.359900,-0.616665,0.600554,-0.359851,-0.666336,-0.008774,0.000000,-0.000000,0.000018,0.003406,0.000000,0.000000,0.000000,-0.000000,0.000807,294.153363,0.000000,0.000000,0.000000,83328.565406,1.063333,0.000017,331.227425,5.000000,0.000030,8.962514,0.003445,5.000000,-56.090745,32.990305,-106.957233,5.000000,-0.754361,29.415336,-0.000807,-294.153363,1.465465,1206.365357,476307.598828,477513.964185,0.000000,2636.353672
129.000000,1075.898552,5.701450,1614.532963,5.000000,0.000020,-7.436147,0.359900,-0.616665,0.600554,-0.359851,-0.666336,-0.008774,0.000000,-0.000000,0.000036,0.003403,0.000000,0.000000,0.000000,-0.000000,0.001604,294.153293,0.000000,0.000000,0.000000,83374.331904,1.063917,0.000017,331.227425,5.000000,0.000060,8.960819,0.003481,5.000000,-56.083458,32.990305,-106.957183,5.000000,-0.754361,29.415330,-0.001603,-294.153293,1.465465,1205.909604,474994.790444,476200.700047,0.000000,2635.854399
129.600000,1078.898552,5.701417,1610.071884,5.000000,0.000012,-7.434105,0.359900,-0.616665,0.600554,-0.359851,-0.666336,-0.008774,0.000000,-0.000000,0.000021,0.003401,0.000000,0.000000,0.000000,-0.000000,0.000965,294.153221,0.000000,0.000000,0.000000,83420.106153,1.064501,0.000017,331.227425,5.000000,0.000036,8.959125,0.003448,5.000000,-56.076174,32.990305,-106.957134,5.000000,-0.754361,29.415322,-0.000965,-294.153221,1.465465,1205.454268,473682.343277,474887.797545,0.000000,2635.355467
130.200000,1081.898552,5.701254,1605.612030,5.000000,-0.000037,-7.432065,0.359900,-0.616665,0.600554,-0.359851,-0.666336,-0.008774,0.000000,-0.000000,-0.000059,0.003399,-0.000000,-0.000000,0.000000,-0.000000,-0.002651,294.153144,-0.000000,-0.000000,0.000000,83465.888171,1.065086,0.000017,331.227425,5.000000,-0.000104,8.957432,0.003310,5.000000,-56.068891,32.990305,-106.957084,5.000000,-0.754361,29.415314,0.002651,-294.153144,1.465465,1204.999346,472370.256508,473575.255854,-0.000000,2634.856854
130.800000,1084.898552,5.700810,1601.153400,5.000000,-0.000335,-7.430026,0.359900,-0.616665,0.600554,-0.359851,-0.666336,-0.008774,0.000000,-0.000000,-0.000432,0.003397,-0.000000,-0.000000,0.000000,-0.000000,-0.019480,294.153067,-0.000000,-0.000000,0.000000,83511.677963,1.065670,0.000017,331.227425,5.000000,-0.000827,8.955741,0.003269,5.000000,-56.061611,32.990305,-106.957034,5.000000,-0.754361,29.415306,0.019480,-294.153067,1.465465,1204.544845,471058.529732,472263.074577,-0.000000,2634.358607
131.400000,1087.898552,5.699859,1596.695993,5.000000,-0.001243,-7.427989,0.359900,-0.616665,0.600554,-0.359851,-0.666336,-0.008774,0.000000,-0.000000,-0.001486,0.003394,0.000000,0.000000,0.000000,-0.000000,-0.066962,294.153000,0.000000,0.000000,0.000000,83557.475521,1.066254,0.000017,331.227425,5.000000,-0.002933,8.954051,0.003720,5.000000,-56.054331,32.990305,-106.956985,5.000000,-0.754361,29.415301,0.066962,-294.153000,1.465465,1204.090781,469747.162885,470951.253666,0.000000,2633.860826
132.000000,1090.898552,5.698122,1592.239810,5.000000,-0.003011,-7.425953,0.359900,-0.616665,0.600554,-0.359851,-0.666336,-0.008774,0.000000,-0.000000,-0.003302,0.003393,0.000000,0.000000,0.000000,-0.000000,-0.148872,294.152945,0.000000,0.000000,0.000000,83603.280840,1.066839,0.000017,331.227425,5.000000,-0.006769,8.952362,0.004829,5.000001,-56.047050,32.990305,-106.956935,5.000001,-0.754361,29.415299,0.148872,-294.152945,1.465465,1203.637196,468436.155842,469639.793037,0.000000,2633.363593
132.600000,1093.898552,5.695150,1587.784848,5.000000,-0.005518,-7.423918,0.359900,-0.616665,0.600554,-0.359851,-0.666336,-0.008774,0.000000,-0.000000,-0.004960,0.003391,-0.000000,-0.000000,0.000000,-0.000000,-0.223626,294.152889,-0.000000,-0.000000,0.000000,83649.093921,1.067423,0.000017,331.227425,5.000000,-0.011162,8.950675,0.005984,5.000003,-56.039763,32.990305,-106.956885,5.000003,-0.754361,29.415297,0.223626,-294.152889,1.465465,1203.184217,467125.508247,468328.692465,-0.000000,2632.866917
133.200000,1096.898552,5.690537,1583.331106,5.000000,-0.008578,-7.421884,0.359900,-0.616665,0.600554,-0.359851,-0.666336,-0.008774,0.000000,-0.000000,-0.005831,0.003389,-0.000000,-0.000000,0.000000,-0.000000,-0.262991,294.152821,-0.000000,-0.000000,0.000000,83694.914769,1.068008,0.000017,331.227425,5.000000,-0.015213,8.948991,0.006716,5.000007,-56.032466,32.990305,-106.956836,5.000007,-0.754361,29.415294,0.262991,-294.152821,1.465465,1202.731976,465815.219760,467017.951736,-0.000000,2632.370849
133.800000,1099.898552,5.684041,1578.878585,5.000000,-0.012032,-7.419851,0.359900,-0.616665,0.600554,-0.359851,-0.666336,-0.008774,0.000000,0.000000,-0.006282,0.003386,0.000000,0.000000,0.000000,0.000000,-0.283369,294.152744,0.000000,0.000000,0.000000,83740.743379,1.068593,0.000017,331.227425,5.000000,-0.019180,8.947309,0.007147,5.000014,-56.025156,32.990305,-106.956786,5.000014,-0.754361,29.415288,0.283369,-294.152744,1.465465,1202.280579,464505.290155,465707.570734,0.000000,2631.875538
134.400000,1102.898552,5.675471,1574.427282,5.000000,-0.015749,-7.417820,0.359900,-0.616665,0.600554,-0.359851,-0.666336,-0.008774,0.000000,0.000000,-0.006582,0.003384,0.000000,0.000000,0.000000,0.000000,-0.296941,294.152664,0.000000,0.000000,0.000000,83786.579752,1.069178,0.000017,331.227425,5.000000,-0.023237,8.945631,0.007406,5.000025,-56.017832,32.990304,-106.956736,5.000025,-0.754361,29.415281,0.296941,-294.152664,1.465465,1201.830097,463195.719197,464397.549294,0.000000,2631.381108
135.000000,1105.898552,5.664690,1569.977198,5.000000,-0.019630,-7.415791,0.359900,-0.616665,0.600554,-0.359851,-0.666336,-0.008774,0.000000,0.000000,-0.006743,0.003382,-0.000000,-0.000000,0.000000,0.000000,-0.304257,294.152585,-0.000000,-0.000000,0.000000,83832.423885,1.069763,0.000017,331.227425,5.000000,-0.027300,8.943955,0.007540,5.000039,-56.010492,32.990304,-106.956687,5.000039,-0.754361,29.415274,0.304257,-294.152585,1.465465,1201.380562,461886.506622,463087.887184,-0.000000,2630.887626
135.600000,1108.898552,5.651604,1565.528331,5.000000,-0.023605,-7.413763,0.359900,-0.616665,0.600554,-0.359851,-0.666336,-0.008774,0.000000,0.000000,-0.006800,0.003379,-0.000000,-0.000000,0.000000,0.000000,-0.306879,294.152508,-0.000000,-0.000000,0.000000,83878.275778,1.070348,0.000017,331.227425,5.000000,-0.031339,8.942284,0.007592,5.000056,-56.003136,32.990304,-106.956637,5.000056,-0.754361,29.415267,0.306879,-294.152508,1.465465,1200.931980,460577.652194,461778.584174,-0.000000,2630.395118
136.200000,1111.898552,5.636157,1561.080681,5.000000,-0.027631,-7.411736,0.359900,-0.616665,0.600554,-0.359851,-0.666336,-0.008774,0.000000,0.000000,-0.006813,0.003377,0.000000,0.000000,0.000000,0.000000,-0.307525,294.152432,0.000000,0.000000,0.000000,83924.135432,1.070933,0.000017,331.227425,5.000000,-0.035379,8.940615,0.007605,5.000076,-55.995764,32.990304,-106.956587,5.000076,-0.754361,29.415259,0.307525,-294.152432,1.465465,1200.484343,459269.155689,460469.640032,0.000000,2629.903573
136.800000,1114.898552,5.618317,1556.634246,5.000000,-0.031681,-7.409710,0.359900,-0.616665,0.600554,-0.359851,-0.666336,-0.008774,0.000000,0.000000,-0.006808,0.003375,0.000000,0.000000,0.000000,0.000000,-0.307356,294.152359,0.000000,0.000000,0.000000,83970.002840,1.071518,0.000017,331.227425,5.000000,-0.039423,8.938949,0.007598,5.000100,-55.988375,32.990304,-106.956538,5.000100,-0.754361,29.415252,0.307356,-294.152359,1.465465,1200.037640,457961.016802,459161.054442,0.000000,2629.412978
137.400000,1117.898552,5.598065,1552.189026,5.000000,-0.035740,-7.407686,0.359900,-0.616665,0.600554,-0.359851,-0.666336,-0.008774,0.000000,0.000000,-0.006793,0.003372,-0.000000,-0.000000,0.000000,0.000000,-0.306760,294.152287,-0.000000,-0.000000,0.000000,84015.878001,1.072104,0.000017,331.227425,5.000000,-0.043465,8.937287,0.007584,5.000128,-55.980971,32.990304,-106.956488,5.000128,-0.754361,29.415245,0.306760,-294.152287,1.465465,1199.591858,456653.235262,457852.827120,-0.000000,2628.923314
138.000000,1120.898552,5.575387,1547.745020,5.000000,-0.039798,-7.405663,0.359900,-0.616665,0.600554,-0.359851,-0.666336,-0.008774,0.000000,0.000000,-0.006777,0.003370,0.000000,0.000000,0.000000,0.000000,-0.306088,294.152216,0.000000,0.000000,0.000000,84061.760927,1.072689,0.000017,331.227425,5.000000,-0.047504,8.935627,0.007569,5.000158,-55.973552,32.990304,-106.956438,5.000158,-0.754361,29.415238,0.306088,-294.152216,1.465465,1199.146987,455345.811126,456544.958114,0.000000,2628.434565
138.600000,1123.898552,5.550276,1543.302229,5.000000,-0.043852,-7.403642,0.359900,-0.616665,0.600554,-0.359851,-0.666336,-0.008774,0.000000,0.000000,-0.006765,0.003368,0.000000,0.000000,0.000000,0.000000,-0.305588,294.152145,0.000000,0.000000,0.000000,84107.651626,1.073275,0.000017,331.227425,5.000000,-0.051543,8.933971,0.007557,5.000192,-55.966117,32.990303,-106.956389,5.000192,-0.754361,29.415230,0.305588,-294.152145,1.465465,1198.703020,454038.744262,455237.447282,0.000000,2627.946718
139.200000,1126.898552,5.522738,1538.860650,5.000000,-0.047900,-7.401622,0.359900,-0.616665,0.600554,-0.359851,-0.666336,-0.008774,0.000000,0.000000,-0.006756,0.003366,0.000000,0.000000,0.000000,0.000000,-0.305244,294.152074,0.000000,0.000000,0.000000,84153.550080,1.073861,0.000017,331.227425,5.000000,-0.055581,8.932318,0.007548,5.000229,-55.958667,32.990303,-106.956339,5.000229,-0.754361,29.415223,0.305244,-294.152074,1.465465,1198.259953,452732.033748,453930.293701,0.000000,2627.459770
139.800000,1129.898552,5.492781,1534.420278,5.000000,-0.051945,-7.399603,0.359900,-0.616665,0.600554,-0.359851,-0.666336,-0.008774,0.000000,0.000000,-0.006749,0.003364,0.000000,0.000000,0.000000,0.000000,-0.304994,294.152003,0.000000,0.000000,0.000000,84199.456267,1.074446,0.000017,331.227425,5.000000,-0.059618,8.930667,0.007541,5.000270,-55.951202,32.990303,-106.956289,5.000270,-0.754361,29.415216,0.304994,-294.152003,1.465465,1197.817784,451425.678527,452623.496310,0.000000,2626.973720
140.400000,1132.898552,5.460414,1529.981110,5.000000,-0.055989,-7.397585,0.359900,-0.616665,0.600554,-0.359851,-0.666336,-0.008774,0.000000,-0.000000,-0.006743,0.003361,-0.000000,-0.000000,0.000000,-0.000000,-0.304780,294.151932,-0.000000,-0.000000,0.000000,84245.370164,1.075032,0.000017,331.227425,5.000000,-0.063654,8.929020,0.007535,5.000313,-55.943721,32.990302,-106.956240,5.000313,-0.754361,29.415209,0.304780,-294.151932,1.465465,1197.376511,450119.677612,451317.054123,-0.000000,2626.488567
141.000000,1135.898552,5.425629,1525.543150,5.000000,-0.060030,-7.395569,0.359900,-0.616665,0.600554,-0.359851,-0.666336,-0.008774,0.000000,-0.000000,-0.006737,0.003359,-0.000000,-0.000000,0.000000,-0.000000,-0.304576,294.151862,-0.000000,-0.000000,0.000000,84291.291791,1.075618,0.000017,331.227425,5.000000,-0.067688,8.927376,0.007528,5.000360,-55.936225,32.990302,-106.956190,5.000360,-0.754361,29.415202,0.304576,-294.151862,1.465465,1196.936136,448814.031861,450010.967997,-0.000000,2626.004313
141.600000,1138.898552,5.388407,1521.106406,5.000000,-0.064071,-7.393554,0.359900,-0.616665,0.600554,-0.359851,-0.666336,-0.008774,0.000000,-0.000000,-0.006732,0.003357,-0.000000,-0.000000,0.000000,-0.000000,-0.304391,294.151791,-0.000000,-0.000000,0.000000,84337.221206,1.076204,0.000017,331.227425,5.000000,-0.071722,8.925735,0.007523,5.000410,-55.928714,32.990302,-106.956140,5.000410,-0.754361,29.415195,0.304391,-294.151791,1.465465,1196.496665,447508.744080,448705.240745,-0.000000,2625.520962
142.200000,1141.898552,5.348727,1516.670889,5.000000,-0.068109,-7.391540,0.359900,-0.616665,0.600554,-0.359851,-0.666336,-0.008774,0.000000,-0.000000,-0.006728,0.003355,-0.000000,-0.000000,0.000000,-0.000000,-0.304238,294.151721,-0.000000,-0.000000,0.000000,84383.158471,1.076791,0.000017,331.227425,5.000000,-0.075754,8.924097,0.007518,5.000464,-55.921188,32.990301,-106.956091,5.000464,-0.754361,29.415188,0.304238,-294.151721,1.465465,1196.058104,446203.817171,447399.875275,-0.000000,2625.038523
142.800000,1144.898552,5.306578,1512.236603,5.000000,-0.072145,-7.389528,0.359900,-0.616665,0.600554,-0.359851,-0.666336,-0.008774,0.000000,-0.000000,-0.006724,0.003353,0.000000,0.000000,0.000000,-0.000000,-0.304126,294.151650,0.000000,0.000000,0.000000,84429.103619,1.077377,0.000017,331.227425,5.000000,-0.079785,8.922462,0.007513,5.000521,-55.913645,32.990301,-106.956041,5.000521,-0.754361,29.415181,0.304126,-294.151650,1.465465,1195.620456,444899.252621,446094.873077,0.000000,2624.556996
143.400000,1147.898552,5.262013,1507.803523,5.000000,-0.076179,-7.387517,0.359900,-0.616665,0.600554,-0.359851,-0.666336,-0.008774,0.000000,-0.000000,-0.006721,0.003351,0.000000,0.000000,0.000000,-0.000000,-0.304049,294.151580,0.000000,0.000000,0.000000,84475.056494,1.077963,0.000017,331.227425,5.000000,-0.083815,8.920830,0.007510,5.000580,-55.906088,32.990301,-106.955991,5.000580,-0.754361,29.415174,0.304049,-294.151580,1.465465,1195.183700,443595.042452,444790.226152,0.000000,2624.076364
144.000000,1150.898552,5.215111,1503.371606,5.000000,-0.080211,-7.385507,0.359900,-0.616665,0.600554,-0.359851,-0.666336,-0.008774,0.000000,-0.000000,-0.006718,0.003348,0.000000,0.000000,0.000000,-0.000000,-0.303994,294.151510,0.000000,0.000000,0.000000,84521.016861,1.078550,0.000017,331.227425,5.000000,-0.087844,8.919202,0.007507,5.000644,-55.898516,32.990300,-106.955942,5.000644,-0.754361,29.415167,0.303994,-294.151510,1.465465,1194.747809,442291.174796,443485.922605,0.000000,2623.596597
144.600000,1153.898552,5.165952,1498.940813,5.000000,-0.084243,-7.383499,0.359900,-0.616665,0.600554,-0.359851,-0.666336,-0.008774,0.000000,-0.000000,-0.006716,0.003346,-0.000000,-0.000000,0.000000,-0.000000,-0.303951,294.151439,-0.000000,-0.000000,0.000000,84566.984485,1.079136,0.000017,331.227425,5.000000,-0.091872,8.917575,0.007504,5.000710,-55.890929,32.990300,-106.955892,5.000710,-0.754361,29.415160,0.303951,-294.151439,1.465465,1194.312754,440987.637792,442181.950546,-0.000000,2623.117667
145.200000,1156.898552,5.114577,1494.511123,5.000000,-0.088273,-7.381492,0.359900,-0.616665,0.600554,-0.359851,-0.666336,-0.008774,0.000000,-0.000000,-0.006714,0.003344,-0.000000,-0.000000,0.000000,-0.000000,-0.303908,294.151369,-0.000000,-0.000000,0.000000,84612.959245,1.079723,0.000017,331.227425,5.000000,-0.095899,8.915952,0.007501,5.000779,-55.883329,32.990299,-106.955842,5.000779,-0.754361,29.415153,0.303908,-294.151369,1.465465,1193.878519,439684.425024,440878.303544,-0.000000,2622.639560
145.800000,1159.898552,5.060943,1490.082556,5.000000,-0.092302,-7.379486,0.359900,-0.616665,0.600554,-0.359851,-0.666336,-0.008774,0.000000,-0.000000,-0.006712,0.003342,-0.000000,-0.000000,0.000000,-0.000000,-0.303866,294.151299,-0.000000,-0.000000,0.000000,84658.941283,1.080310,0.000017,331.227425,5.000000,-0.099925,8.914332,0.007498,5.000851,-55.875714,32.990299,-106.955793,5.000851,-0.754361,29.415146,0.303866,-294.151299,1.465465,1193.445120,438381.542789,439574.987909,-0.000000,2622.162291
146.400000,1162.898552,5.004994,1485.655139,5.000000,-0.096330,-7.377481,0.359900,-0.616665,0.600554,-0.359851,-0.666336,-0.008774,0.000000,-0.000000,-0.006710,0.003340,-0.000000,-0.000000,0.000000,-0.000000,-0.303825,294.151229,-0.000000,-0.000000,0.000000,84704.930777,1.080897,0.000017,331.227425,5.000000,-0.103950,8.912714,0.007495,5.000926,-55.868084,32.990298,-106.955743,5.000926,-0.754361,29.415139,0.303825,-294.151229,1.465465,1193.012577,437078.999193,438272.011769,-0.000000,2621.685880
147.000000,1165.898552,4.946672,1481.228902,5.000000,-0.100357,-7.375477,0.359900,-0.616665,0.600554,-0.359851,-0.666336,-0.008774,0.000000,-0.000000,-0.006708,0.003338,-0.000000,-0.000000,0.000000,-0.000000,-0.303784,294.151159,-0.000000,-0.000000,0.000000,84750.927907,1.081484,0.000017,331.227425,5.000000,-0.107974,8.911100,0.007492,5.001004,-55.860440,32.990297,-106.955693,5.001004,-0.754361,29.415132,0.303784,-294.151159,1.465465,1192.580909,435776.802343,436969.383252,-0.000000,2621.210348
147.600000,1168.898552,4.885921,1476.803871,5.000000,-0.104383,-7.373475,0.359900,-0.616665,0.600554,-0.359851,-0.666336,-0.008774,0.000000,-0.000000,-0.006706,0.003335,-0.000000,-0.000000,0.000000,-0.000000,-0.303745,294.151089,-0.000000,-0.000000,0.000000,84796.932852,1.082071,0.000017,331.227425,5.000000,-0.111997,8.909488,0.007489,5.001086,-55.852780,32.990297,-106.955644,5.001086,-0.754361,29.415125,0.303745,-294.151089,1.465465,1192.150136,434474.960347,435667.110483,-0.000000,2620.735715
148.200000,1171.898552,4.822686,1472.380073,5.000000,-0.108407,-7.371474,0.359900,-0.616665,0.600554,-0.359851,-0.666336,-0.008774,0.000000,-0.000000,-0.006703,0.003333,-0.000000,-0.000000,0.000000,-0.000000,-0.303706,294.151019,-0.000000,-0.000000,0.000000,84842.945792,1.082658,0.000017,331.227425,5.000000,-0.116018,8.907880,0.007486,5.001170,-55.845105,32.990296,-106.955594,5.001170,-0.754361,29.415118,0.303706,-294.151019,1.465465,1191.720278,433173.481313,434365.201591,-0.000000,2620.262002
148.800000,1174.898552,4.756908,1467.957537,5.000000,-0.112431,-7.369474,0.359900,-0.616665,0.600554,-0.359851,-0.666336,-0.008774,0.000000,-0.000000,-0.006701,0.003331,-0.000000,-0.000000,0.000000,-0.000000,-0.303668,294.150949,-0.000000,-0.000000,0.000000,84888.966905,1.083245,0.000017,331.227425,5.000000,-0.120039,8.906275,0.007484,5.001259,-55.837413,32.990296,-106.955544,5.001259,-0.754361,29.415111,0.303668,-294.150949,1.465465,1191.291354,431872.373347,433063.664701,-0.000000,2619.789228
149.400000,1177.898552,4.688532,1463.536289,5.000000,-0.116453,-7.367476,0.359900,-0.616665,0.600554,-0.359851,-0.666336,-0.008774,0.000000,-0.000000,-0.006699,0.003329,-0.000000,-0.000000,0.000000,-0.000000,-0.303631,294.150879,-0.000000,-0.000000,0.000000,84934.996372,1.083832,0.000017,331.227425,5.000000,-0.124058,8.904673,0.007481,5.001350,-55.829706,32.990295,-106.955495,5.001350,-0.754361,29.415104,0.303631,-294.150879,1.465465,1190.863385,430571.644557,431762.507943,-0.000000,2619.317414
150.000000,1180.898552,4.617502,1459.116358,5.000000,-0.120474,-7.365479,0.359900,-0.616665,0.600554,-0.359851,-0.666336,-0.008774,0.000000,-0.000000,-0.006697,0.003327,-0.000000,-0.000000,0.000000,-0.000000,-0.303596,294.150809,-0.000000,-0.000000,0.000000,84981.034370,1.084420,0.000017,331.227425,5.000000,-0.128076,8.903075,0.007478,5.001446,-55.821981,32.990294,-106.955445,5.001446,-0.754361,29.415097,0.303596,-294.150809,1.465465,1190.436390,429271.303051,430461.739441,-0.000000,2618.846580
150.600000,1183.898552,4.543760,1454.697771,5.000000,-0.124494,-7.363484,0.359900,-0.616665,0.600554,-0.359851,-0.666336,-0.008774,0.000000,-0.000000,-0.006695,0.003325,-0.000000,-0.000000,0.000000,-0.000000,-0.303562,294.150739,-0.000000,-0.000000,0.000000,85027.081080,1.085007,0.000017,331.227425,5.000000,-0.132093,8.901479,0.007475,5.001544,-55.814240,32.990294,-106.955395,5.001544,-0.754361,29.415090,0.303562,-294.150739,1.465465,1190.010389,427971.356935,429161.367324,-0.000000,2618.376747
151.200000,1186.898552,4.467251,1450.280556,5.000000,-0.128512,-7.361490,0.359900,-0.616665,0.600554,-0.359851,-0.666336,-0.008774,0.000000,-0.000000,-0.006693,0.003323,-0.000000,-0.000000,0.000000,-0.000000,-0.303530,294.150668,-0.000000,-0.000000,0.000000,85073.136681,1.085595,0.000017,331.227425,5.000000,-0.136109,8.899888,0.007473,5.001647,-55.806481,32.990293,-106.955346,5.001647,-0.754361,29.415083,0.303530,-294.150668,1.465465,1189.585402,426671.814317,427861.399718,-0.000000,2617.907934
151.800000,1189.898552,4.387917,1445.864739,5.000000,-0.132530,-7.359498,0.359900,-0.616665,0.600554,-0.359851,-0.666336,-0.008774,0.000000,-0.000000,-0.006692,0.003320,-0.000000,-0.000000,0.000000,-0.000000,-0.303500,294.150598,-0.000000,-0.000000,0.000000,85119.201353,1.086183,0.000017,331.227425,5.000000,-0.140123,8.898300,0.007470,5.001753,-55.798704,32.990293,-106.955296,5.001753,-0.754361,29.415075,0.303500,-294.150598,1.465465,1189.161448,425372.683304,426561.844751,-0.000000,2617.440163
152.400000,1192.898552,4.305703,1441.450349,5.000000,-0.136545,-7.357507,0.359900,-0.616665,0.600554,-0.359851,-0.666336,-0.008774,0.000000,-0.000000,-0.006690,0.003318,-0.000000,-0.000000,0.000000,-0.000000,-0.303471,294.150528,-0.000000,-0.000000,0.000000,85165.275273,1.086771,0.000017,331.227425,5.000000,-0.144136,8.896715,0.007467,5.001863,-55.790909,32.990292,-106.955246,5.001863,-0.754361,29.415068,0.303471,-294.150528,1.465465,1188.738546,424073.972003,425262.710550,-0.000000,2616.973453
153.000000,1195.898552,4.220570,1437.037405,5.000000,-0.140560,-7.355517,0.359900,-0.616665,0.600554,-0.359851,-0.666336,-0.008774,0.000000,-0.000000,-0.006688,0.003316,0.000000,0.000000,0.000000,-0.000000,-0.303444,294.150458,0.000000,0.000000,0.000000,85211.358564,1.087359,0.000017,331.227425,5.000000,-0.148148,8.895134,0.007465,5.001977,-55.783096,32.990291,-106.955197,5.001977,-0.754361,29.415061,0.303444,-294.150458,1.465465,1188.316712,422775.685887,423964.002599,0.000000,2616.507818
153.600000,1198.898552,4.132698,1432.625816,5.000000,-0.144573,-7.353530,0.359900,-0.616665,0.600554,-0.359851,-0.666336,-0.008774,0.000000,-0.000000,-0.006686,0.003314,0.000000,0.000000,0.000000,-0.000000,-0.303420,294.150387,0.000000,0.000000,0.000000,85257.450648,1.087947,0.000017,331.227425,5.000000,-0.152158,8.893557,0.007462,5.002095,-55.775266,32.990290,-106.955147,5.002095,-0.754361,29.415054,0.303420,-294.150387,1.465465,1187.895877,421477.798743,422665.694621,0.000000,2616.043192
154.200000,1201.898552,4.042410,1428.215423,5.000000,-0.148585,-7.351543,0.359900,-0.616665,0.600554,-0.359851,-0.666336,-0.008774,0.000000,-0.000000,-0.006684,0.003312,0.000000,0.000000,0.000000,-0.000000,-0.303397,294.150317,0.000000,0.000000,0.000000,85303.550486,1.088535,0.000017,331.227425,5.000000,-0.156168,8.891982,0.007460,5.002215,-55.767420,32.990290,-106.955097,5.002215,-0.754361,29.415047,0.303397,-294.150317,1.465465,1187.475925,420180.263411,421367.739336,0.000000,2615.579455
154.800000,1204.898552,3.950033,1423.806065,5.000000,-0.152596,-7.349558,0.359900,-0.616665,0.600554,-0.359851,-0.666336,-0.008774,0.000000,-0.000000,-0.006683,0.003310,0.000000,0.000000,0.000000,-0.000000,-0.303375,294.150247,0.000000,0.000000,0.000000,85349.657030,1.089124,0.000017,331.227425,5.000000,-0.160176,8.890411,0.007457,5.002339,-55.759561,32.990289,-106.955048,5.002339,-0.754361,29.415040,0.303375,-294.150247,1.465465,1187.056736,418883.032359,420070.089095,0.000000,2615.116488
155.400000,1207.898552,3.855893,1419.397579,5.000000,-0.156607,-7.347573,0.359900,-0.616665,0.600554,-0.359851,-0.666336,-0.008774,0.000000,-0.000000,-0.006681,0.003307,0.000000,0.000000,0.000000,-0.000000,-0.303355,294.150176,0.000000,0.000000,0.000000,85395.769232,1.089712,0.000017,331.227425,5.000000,-0.164184,8.888841,0.007455,5.002465,-55.751692,32.990288,-106.954998,5.002465,-0.754361,29.415033,0.303355,-294.150176,1.465465,1186.638190,417586.058053,418772.696243,0.000000,2614.654169
156.000000,1210.898552,3.760316,1414.989804,5.000000,-0.160616,-7.345589,0.359900,-0.616665,0.600554,-0.359851,-0.666336,-0.008774,0.000000,-0.000000,-0.006679,0.003305,0.000000,0.000000,0.000000,-0.000000,-0.303335,294.150106,0.000000,0.000000,0.000000,85441.886045,1.090301,0.000017,331.227425,5.000000,-0.168191,8.887273,0.007452,5.002593,-55.743813,32.990287,-106.954948,5.002593,-0.754361,29.415026,0.303335,-294.150106,1.465465,1186.220169,416289.292962,417475.513131,0.000000,2614.192380
156.600000,1213.898552,3.663629,1410.582579,5.000000,-0.164625,-7.343606,0.359900,-0.616665,0.600554,-0.359851,-0.666336,-0.008774,0.000000,-0.000000,-0.006678,0.003303,0.000000,0.000000,0.000000,-0.000000,-0.303317,294.150035,0.000000,0.000000,0.000000,85488.006422,1.090889,0.000017,331.227425,5.000000,-0.172198,8.885707,0.007450,5.002722,-55.735927,32.990286,-106.954899,5.002722,-0.754361,29.415019,0.303317,-294.150035,1.465465,1185.802553,414992.689553,416178.492106,0.000000,2613.730999
157.200000,1216.898552,3.566159,1406.175742,5.000000,-0.168634,-7.341623,0.359900,-0.616665,0.600554,-0.359851,-0.666336,-0.008774,0.000000,-0.000000,-0.006676,0.003301,0.000000,0.000000,0.000000,-0.000000,-0.303299,294.149964,0.000000,0.000000,0.000000,85534.129314,1.091478,0.000017,331.227425,5.000000,-0.176204,8.884142,0.007448,5.002852,-55.728037,32.990285,-106.954849,5.002852,-0.754361,29.415012,0.303299,-294.149964,1.465465,1185.385224,413696.200292,414881.585516,0.000000,2613.269907
157.800000,1219.898552,3.468231,1401.769132,5.000000,-0.172642,-7.339641,0.359900,-0.616665,0.600554,-0.359851,-0.666336,-0.008774,0.000000,-0.000000,-0.006675,0.003299,0.000000,0.000000,0.000000,-0.000000,-0.303281,294.149894,0.000000,0.000000,0.000000,85580.253674,1.092066,0.000017,331.227425,5.000000,-0.180210,8.882577,0.007445,5.002983,-55.720143,32.990284,-106.954799,5.002983,-0.754361,29.415005,0.303281,-294.149894,1.465465,1184.968061,412399.777648,413584.745710,0.000000,2612.808984
