# Time (s), X (m), Y (m), Z (m), Vx (m/s), Vy (m/s), Vz (m/s), e0, e1, e2, e3, ω1 (rad/s), ω2 (rad/s), ω3 (rad/s), Ax (m/s2), Ay (m/s2), Az (m/s2), α1 (rad/s2), α2 (rad/s2), α3 (rad/s2), R1 (N), R2 (N), R3 (N), M1 (Nm), M2 (Nm), Aerodynamic Spin Moment (N m), Pressure (Pa), Density (kg/m³), Dynamic Viscosity (Pa s), Speed of Sound (m/s), Wind Velocity X (East) (m/s), Wind Velocity Y (North) (m/s), Speed - Velocity Magnitude (m/s), Acceleration Magnitude (m/s²), (((Vx (m/s)**2) + (Vy (m/s)**2))**0.5), Path Angle (°), Latitude (°), Longitude (°), (((Vx (m/s)**2) + (Vy (m/s)**2))**0.5), Spin Angle - φ (°), Dynamic Pressure (Pa), Aerodynamic Lift Force (N), Aerodynamic Drag Force (N), Rotational Kinetic Energy (J), Kinetic Energy (J), ((Scalar*9.80665)*Z (m)), Total Mechanical Energy (J), Thrust Power (W), Drag Power (W)
0.000000,0.000000,0.000000,1400.000000,0.000000,0.000000,0.000000,0.704416,-0.061628,0.061628,-0.704416,0.000000,0.000000,0.000000,0.000000,0.000000,0.000000,0.000000,0.000000,0.000000,4.475457,6.420452,-0.306318,1.809023,-1.254778,0.000000,85598.771785,0.993995,0.000018,347.220687,9.000000,-6.181818,0.000000,0.000000,0.000000,0.000000,32.990254,-106.974998,0.000000,0.000000,59.249521,7.826360,0.306318,0.000000,0.000000,315168.831651,315168.831651,0.000000,-0.000000
0.600000,2.346742,-0.007520,1412.882921,8.408923,-0.026160,44.815596,0.705108,-0.060263,0.053438,-0.704511,0.106371,-0.076982,0.000000,14.303150,0.384447,74.592132,0.454330,-0.341019,0.000000,10.162242,13.506858,-5.108754,3.877872,-2.907643,0.000000,85463.850238,0.992429,0.000018,347.220687,9.000000,-6.298936,45.597679,75.952051,8.408963,79.372886,32.990254,-106.974959,8.408963,-3.410492,1016.313222,16.902851,5.108754,0.071407,23338.900451,311064.632045,334403.532496,87828.676331,-232.947072
1.200000,9.408330,0.438093,1453.098927,13.907729,2.426212,89.205844,0.709234,-0.050281,-0.026491,-0.702679,0.231310,-0.199846,0.000000,2.434965,9.257620,73.665093,-0.409597,0.218302,0.000000,-2.617189,-6.996963,-19.346872,-3.019198,1.526993,0.000000,85043.779403,0.987551,0.000018,347.220687,9.000000,-6.664536,90.316078,74.284444,14.117770,81.006922,32.990258,-106.974842,14.117770,-72.517117,3982.006934,7.464625,19.346872,0.372485,89576.315268,312973.162145,402549.477413,168439.486073,-1747.333577
1.800000,17.725717,4.006468,1519.763911,13.843226,9.658316,132.857051,0.708660,-0.058441,-0.034562,-0.702278,-0.195856,0.120312,0.000000,2.670881,10.991116,71.990888,0.075236,0.065396,0.000000,-3.324755,-1.659587,-42.291030,0.365570,0.630565,0.000000,84351.123110,0.979507,0.000018,347.220687,9.000000,-7.270581,133.925031,72.874043,16.879514,82.759353,32.990290,-106.974705,16.879514,-75.340913,8796.485989,3.736139,42.291030,0.202363,192648.184059,320160.499872,512808.683931,243241.392751,-5663.827484
2.400000,26.928586,11.467586,1612.250109,16.641652,15.301990,175.063708,0.708605,-0.060559,-0.038353,-0.701957,0.079359,-0.085481,0.000000,1.671732,11.506027,68.313645,-0.890788,0.611582,0.000000,-10.040812,-15.500202,-73.131930,-6.459806,4.402259,0.000000,83397.753275,0.968437,0.000018,347.220687,9.000000,-7.999942,176.517414,69.296013,22.607420,82.641647,32.990357,-106.974552,22.607420,-77.077041,15131.181497,18.466414,73.131930,0.049962,327477.240716,332344.908509,659822.149225,306037.016280,-12909.059273
3.000000,37.355041,22.638208,1729.290400,18.489987,21.578360,214.531899,0.708279,-0.063544,-0.032706,-0.702308,0.078161,-0.070147,0.000000,3.052945,9.956307,62.878158,-0.211569,0.048744,0.000000,0.661507,-1.902585,-111.608324,-1.409588,0.271594,0.000000,82203.800539,0.954572,0.000018,347.220687,9.000000,-8.000000,216.405732,63.734698,28.416636,82.454595,32.990458,-106.974379,28.416636,-71.992433,22427.135179,2.616985,111.608324,0.038798,482102.599395,349156.810979,831259.410373,351315.033423,-24152.681182
3.600000,48.934788,37.383110,1868.791822,20.156050,27.183280,248.288960,0.708210,-0.065243,-0.035233,-0.702099,0.022870,-0.029682,0.000000,1.049357,4.983896,23.353125,-0.507674,0.353769,0.000000,-4.578735,-6.983588,-151.669855,-3.398457,2.360897,0.000000,80798.836202,0.938257,0.000018,347.220687,9.000000,-8.000000,250.584526,32.941976,33.840761,82.238646,32.990590,-106.974188,33.840761,-73.122059,29559.669133,8.350767,151.669855,0.004747,634619.314023,370438.724115,1005058.038139,281824.063694,-38006.118729
4.200000,60.956991,53.515952,2014.691745,19.930442,26.589422,238.116661,0.708081,-0.067090,-0.035376,-0.702048,-0.019744,0.005906,0.000000,-0.442839,-0.871173,-16.594091,-0.167605,0.162379,0.000000,-2.452614,-2.784477,-137.098484,-1.106192,1.071700,0.000000,79350.297114,0.921436,0.000018,347.220687,9.000000,-8.000000,240.424134,16.622843,33.229804,82.055531,32.990735,-106.973989,33.229804,-72.557200,26728.775042,3.707581,137.098484,0.001407,579033.653729,395828.410844,974862.064573,76454.874383,-32961.784227
4.800000,72.866147,69.293412,2154.622620,19.753453,26.021059,228.391335,0.707948,-0.068878,-0.035261,-0.702015,-0.013813,0.003466,0.000000,-0.257068,-0.915375,-15.854223,0.056573,-0.025529,0.000000,0.311919,0.583148,-122.435347,0.373382,-0.168488,0.000000,77980.846547,0.905534,0.000018,347.220687,9.000000,-8.000000,230.716051,15.882707,32.669472,81.859538,32.990877,-106.973792,32.669472,-71.868546,24193.910542,0.585834,122.435347,0.000669,532298.964666,422592.598271,954891.562937,-0.004781,-28247.799902
5.400000,84.672869,84.743678,2288.843225,19.593516,25.495973,219.073171,0.707833,-0.070654,-0.036028,-0.701915,-0.006396,-0.002593,0.000000,-0.223204,-0.859435,-15.219103,0.062322,-0.043129,0.000000,0.680913,0.813861,-109.690979,0.411325,-0.284652,0.000000,76685.324332,0.890490,0.000018,347.220687,9.000000,-8.000000,221.420425,15.244984,32.155101,81.649869,32.991016,-106.973596,32.155101,-71.777614,21918.193296,1.063019,109.690979,0.000157,490270.048030,448917.688295,939187.736325,0.000000,-24287.823153
6.000000,96.384835,99.893399,2417.581984,19.443356,25.014036,210.111287,0.707713,-0.072544,-0.037088,-0.701788,-0.004078,-0.005236,0.000000,-0.218792,-0.785653,-14.662458,0.036241,-0.026786,0.000000,0.483545,0.476240,-98.474037,0.239192,-0.176786,0.000000,75459.143024,0.876251,0.000018,347.220687,9.000000,-8.000000,212.486468,14.685122,31.681952,81.425166,32.991152,-106.973402,31.681952,-71.837163,19867.135283,0.681089,98.474037,0.000145,451504.990347,474167.607189,925672.597536,0.000000,-20924.400228
6.600000,108.009151,114.766033,2541.039871,19.303348,24.569727,201.463992,0.707580,-0.074578,-0.038222,-0.701648,-0.003782,-0.006313,0.000000,-0.212717,-0.719683,-14.170538,0.018404,-0.013680,0.000000,0.302037,0.220164,-88.558144,0.121465,-0.090288,0.000000,74298.219867,0.862770,0.000018,347.220687,9.000000,-8.000000,203.872585,14.190396,31.245652,81.184065,32.991286,-106.973210,31.245652,-71.894238,18012.354624,0.374828,88.558144,0.000179,415640.308202,498381.772984,914022.081187,-0.000000,-18054.577747
7.200000,119.552352,129.382309,2659.394527,19.173396,24.158203,193.095124,0.707434,-0.076762,-0.039424,-0.701494,-0.003830,-0.007139,0.000000,-0.205333,-0.661719,-13.733167,0.005686,-0.004094,0.000000,0.165234,0.031272,-79.743339,0.037524,-0.027020,0.000000,73198.904115,0.850005,0.000018,347.220687,9.000000,-8.000000,195.542744,13.750633,30.842145,80.925079,32.991417,-106.973018,30.842145,-71.942949,16330.028586,0.166620,79.743339,0.000217,382369.649231,521595.026831,903964.676062,0.000000,-15593.231335
7.800000,131.020291,143.760803,2772.803852,19.052962,23.775955,184.975124,0.707270,-0.079108,-0.040687,-0.701326,-0.003563,-0.008221,0.000000,-0.196068,-0.611383,-13.340751,-0.002415,0.001483,0.000000,0.089943,-0.085883,-71.838883,-0.015939,0.009786,0.000000,72157.915462,0.837917,0.000018,347.220687,9.000000,-8.000000,187.467618,13.356192,30.468203,80.646504,32.991547,-106.972829,30.468203,-71.975814,14800.360819,0.124736,71.838883,0.000265,351441.077714,543838.337969,895279.415682,0.000000,-13467.464236
8.400000,142.418244,157.918291,2881.409058,18.940978,23.420086,177.076811,0.707088,-0.081635,-0.041997,-0.701143,-0.003123,-0.009422,0.000000,-0.184035,-0.569905,-12.994131,-0.004419,0.002073,0.000000,0.090675,-0.108978,-64.864912,-0.029164,0.013683,0.000000,71172.292576,0.826471,0.000018,347.220687,9.000000,-8.000000,179.620316,13.007924,30.120775,80.346383,32.991674,-106.972640,30.120775,-71.981470,13406.291767,0.141763,64.864912,0.000325,322634.579491,565139.402733,887773.982224,-0.000000,-11651.055994
9.000000,153.750948,171.869709,2985.335472,18.836203,23.088112,169.375889,0.706883,-0.084366,-0.043372,-0.700943,-0.003035,-0.010373,0.000000,-0.169980,-0.533995,-12.681040,-0.001814,-0.000423,0.000000,0.134903,-0.065779,-58.569969,-0.011971,-0.002793,0.000000,70239.365962,0.815638,0.000018,347.220687,9.000000,-8.000000,171.976904,12.693416,29.797038,80.022475,32.991799,-106.972452,29.797038,-71.965658,12133.191235,0.150082,58.569969,0.000385,295760.553932,585522.802149,881283.356081,-0.000000,-10072.681954
9.600000,165.022751,185.628616,3084.695860,18.737972,22.778070,161.853832,0.706654,-0.087313,-0.044860,-0.700719,-0.003416,-0.011071,0.000000,-0.157226,-0.500638,-12.396905,0.000623,-0.002550,0.000000,0.169946,-0.030335,-52.857181,0.004114,-0.016831,0.000000,69356.711034,0.805388,0.000018,347.220687,9.000000,-8.000000,164.519345,12.408006,29.494950,79.672203,32.991923,-106.972266,29.494950,-71.951897,10968.898242,0.172636,52.857181,0.000443,270666.149983,605010.653196,875676.803179,0.000000,-8696.028871
10.200000,176.237640,199.207491,3179.592559,18.645997,22.488105,154.494319,0.706398,-0.090500,-0.046505,-0.700465,-0.003969,-0.011761,0.000000,-0.147410,-0.468145,-12.138607,0.000303,-0.002289,0.000000,0.167061,-0.039422,-47.660624,0.001997,-0.015110,0.000000,68522.115076,0.795697,0.000018,347.220687,9.000000,-8.000000,157.231939,12.148525,29.212806,79.292552,32.992045,-106.972080,29.212806,-71.955301,9902.870174,0.171647,47.660624,0.000508,247218.827642,623623.027416,870841.855058,-0.000000,-7493.772330
10.800000,187.399242,212.617914,3270.118657,18.560103,22.216452,147.282864,0.706111,-0.093955,-0.048296,-0.700178,-0.004269,-0.012847,0.000000,-0.138825,-0.437660,-11.903205,-0.000879,-0.001400,0.000000,0.157782,-0.058994,-42.924543,-0.005802,-0.009241,0.000000,67733.554907,0.786540,0.000018,347.220687,9.000000,-8.000000,150.100934,11.912057,28.949061,78.880031,32.992166,-106.971895,28.949061,-71.962867,8925.918156,0.168450,42.924543,0.000605,225302.903179,641378.182600,866681.085780,0.000000,-6443.013979
11.400000,198.510918,225.870624,3356.359002,18.479719,21.961958,140.206458,0.705786,-0.097710,-0.050222,-0.699857,-0.004503,-0.014136,0.000000,-0.129962,-0.410307,-11.688142,-0.000889,-0.001940,0.000000,0.172173,-0.059161,-38.601399,-0.005864,-0.012806,0.000000,66989.177763,0.777896,0.000018,347.220687,9.000000,-8.000000,143.114215,11.696064,28.702397,78.430533,32.992285,-106.971711,28.702397,-71.960972,8029.999904,0.182053,38.601399,0.000726,204816.786186,658292.760168,863109.546354,0.000000,-5524.408873
12.000000,209.575831,238.975552,3438.391063,18.404196,21.723684,133.253399,0.705416,-0.101810,-0.052317,-0.699492,-0.005050,-0.015295,0.000000,-0.121251,-0.384916,-11.491541,-0.000170,-0.002816,0.000000,0.189639,-0.050445,-34.650383,-0.001125,-0.018584,0.000000,66287.284809,0.769745,0.000018,347.220687,9.000000,-8.000000,136.261150,11.498625,28.471615,77.939239,32.992403,-106.971528,28.471615,-71.955522,7208.051278,0.196229,34.650383,0.000856,185671.011890,674381.954388,860052.966278,0.000000,-4721.500992
12.600000,220.596963,251.941954,3516.285651,18.333564,21.500153,126.413214,0.704995,-0.106292,-0.054644,-0.699071,-0.005471,-0.016884,0.000000,-0.114553,-0.360052,-11.311797,-0.001517,-0.002019,0.000000,0.183192,-0.073256,-31.036296,-0.010014,-0.013324,0.000000,65626.317078,0.762070,0.000018,347.220687,9.000000,-8.000000,129.532532,11.318105,28.255551,77.400496,32.992519,-106.971345,28.255551,-71.965860,6453.847354,0.197295,31.036296,0.001039,167786.770062,689659.653685,857446.423747,-0.000000,-4020.210013
13.200000,231.576965,264.778580,3590.107548,18.267257,21.290770,119.676292,0.704510,-0.111215,-0.057147,-0.698594,-0.006052,-0.018500,0.000000,-0.106496,-0.338301,-11.146994,-0.000428,-0.003536,0.000000,0.212920,-0.057876,-27.728616,-0.002827,-0.023339,0.000000,65004.843189,0.754853,0.000018,347.220687,9.000000,-8.000000,122.920317,11.152635,28.053334,76.807482,32.992635,-106.971164,28.053334,-71.954685,5761.888198,0.220644,27.728616,0.001250,151094.044283,704138.563772,855232.608056,0.000000,-3408.410207
13.800000,242.518523,277.493469,3659.916161,18.205183,21.094354,113.033980,0.703952,-0.116636,-0.059959,-0.698036,-0.006643,-0.020527,0.000000,-0.100566,-0.316475,-10.996262,-0.001593,-0.003062,0.000000,0.212455,-0.078531,-24.700749,-0.010515,-0.020211,0.000000,64421.547717,0.748080,0.000018,347.220687,9.000000,-8.000000,116.417701,11.001275,27.863964,76.152131,32.992749,-106.970982,27.863964,-71.964565,5127.301484,0.226503,24.700749,0.001536,135530.811562,717830.336413,853361.147974,0.000000,-2875.604344
14.400000,253.423935,290.094311,3725.765655,18.146885,20.910413,106.478294,0.703301,-0.122638,-0.063022,-0.697394,-0.007454,-0.022664,0.000000,-0.093672,-0.297072,-10.858024,-0.000960,-0.004321,0.000000,0.239319,-0.071189,-21.929495,-0.006333,-0.028516,0.000000,63875.224682,0.741736,0.000018,347.220687,9.000000,-8.000000,110.019007,10.862491,27.686726,75.424589,32.992863,-106.970802,27.686726,-71.956505,4545.767205,0.249683,21.929495,0.001878,121041.821734,730745.595221,851787.416955,0.000000,-2412.661271
15.000000,264.295561,302.588220,3787.705937,18.092427,20.737846,100.001997,0.702540,-0.129303,-0.066462,-0.696637,-0.008180,-0.025419,0.000000,-0.088132,-0.278113,-10.731546,-0.001720,-0.004589,0.000000,0.252760,-0.085313,-19.394513,-0.011350,-0.030285,0.000000,63364.764582,0.735808,0.000018,347.220687,9.000000,-8.000000,103.719784,10.735511,27.520795,74.612965,32.992975,-106.970622,27.520795,-71.961488,4013.442571,0.266769,19.394513,0.002353,107577.938031,742894.128481,850472.066512,-0.000000,-2011.594718
15.600000,275.135479,314.981954,3845.782533,18.041188,20.576385,93.598305,0.701641,-0.136750,-0.070289,-0.695746,-0.009329,-0.028327,0.000000,-0.082506,-0.260464,-10.615786,-0.001848,-0.005399,0.000000,0.273967,-0.091368,-17.077963,-0.012196,-0.035635,0.000000,62889.151193,0.730285,0.000018,347.220687,9.000000,-8.000000,97.516741,10.619302,27.365527,73.702556,32.993086,-106.970442,27.365527,-71.961516,3526.911440,0.288802,17.077963,0.002935,95095.150713,754284.865580,849380.016293,0.000000,-1665.387254
16.200000,285.945685,327.281882,3900.037152,17.993393,20.424998,87.261098,0.700570,-0.145102,-0.074563,-0.694687,-0.010386,-0.032022,0.000000,-0.076981,-0.244257,-10.509851,-0.001853,-0.006834,0.000000,0.308110,-0.093958,-14.964226,-0.012233,-0.045104,0.000000,62447.453190,0.725156,0.000018,347.220687,9.000000,-8.000000,91.408107,10.512971,27.220264,72.675189,32.993197,-106.970263,27.220264,-71.955616,3083.132543,0.322117,14.964226,0.003740,83554.423107,764925.986676,848480.409783,-0.000000,-1367.851525
16.800000,296.728140,339.493879,3950.507947,17.948576,20.283255,80.984614,0.699285,-0.154528,-0.079436,-0.693407,-0.011774,-0.036342,0.000000,-0.072505,-0.228331,-10.413275,-0.002821,-0.007547,0.000000,0.331256,-0.113523,-13.039620,-0.018619,-0.049811,0.000000,62038.818641,0.720411,0.000018,347.220687,9.000000,-8.000000,85.393615,10.416030,27.084347,71.508098,32.993307,-106.970085,27.084347,-71.963840,2679.398642,0.350169,13.039620,0.004816,72920.700028,774824.975100,847745.675128,-0.000000,-1113.500299
17.400000,307.484518,351.623615,3997.229704,17.906486,20.150659,74.763454,0.697722,-0.165233,-0.084928,-0.691860,-0.013571,-0.041328,0.000000,-0.067727,-0.213936,-10.325269,-0.003043,-0.009289,0.000000,0.371811,-0.121978,-11.294921,-0.020085,-0.061304,0.000000,61662.470539,0.716041,0.000018,347.220687,9.000000,-8.000000,79.474936,10.327707,26.957213,70.172384,32.993416,-106.969907,26.957213,-71.960872,2313.298438,0.391308,11.294921,0.006244,63162.660722,783988.653522,847151.314244,0.000000,-897.663081
18.000000,318.216497,363.676309,4040.234135,17.867236,20.026318,68.592737,0.695805,-0.177457,-0.091188,-0.689964,-0.015479,-0.047581,0.000000,-0.063236,-0.200653,-10.245069,-0.003448,-0.011558,0.000000,0.423886,-0.132730,-9.715523,-0.022759,-0.076283,0.000000,61317.701790,0.712037,0.000018,347.220687,9.000000,-8.000000,73.656331,10.247229,26.838248,68.631108,32.993524,-106.969729,26.838248,-71.955444,1982.691224,0.444181,9.715523,0.008262,54252.559290,792423.241619,846675.800909,-0.000000,-715.609801
18.600000,328.925684,375.656755,4079.550100,17.830441,19.909782,62.467892,0.693427,-0.191513,-0.098436,-0.687599,-0.017863,-0.055162,0.000000,-0.059531,-0.187918,-10.172282,-0.004601,-0.013743,0.000000,0.476346,-0.156751,-8.292532,-0.030366,-0.090706,0.000000,61003.871095,0.708393,0.000018,347.220687,9.000000,-8.000000,67.945283,10.174192,26.726841,66.836376,32.993632,-106.969552,26.726841,-71.961050,1685.681327,0.501475,8.292532,0.011094,46165.626177,800134.399797,846300.025974,0.000000,-563.438418
19.200000,339.613447,387.569510,4115.203848,17.795793,19.800586,56.384665,0.690433,-0.207791,-0.106817,-0.684627,-0.020960,-0.064253,0.000000,-0.055974,-0.176301,-10.106219,-0.005702,-0.016767,0.000000,0.544026,-0.181344,-7.018117,-0.037636,-0.110659,0.000000,60720.398953,0.705101,0.000018,347.220687,9.000000,-8.000000,62.353700,10.107912,26.622424,64.725326,32.993739,-106.969375,26.622424,-71.963919,1420.591761,0.573454,7.018117,0.015073,38879.854023,807127.276260,846007.130283,0.000000,-437.605541
19.800000,350.281058,399.418762,4147.219181,17.763262,19.697978,50.339221,0.686613,-0.226767,-0.116544,-0.680848,-0.024695,-0.075496,0.000000,-0.052472,-0.166000,-10.046235,-0.006750,-0.020988,0.000000,0.634123,-0.205496,-5.885563,-0.044547,-0.138519,0.000000,60466.764535,0.702156,0.000018,347.220687,9.000000,-8.000000,56.899745,10.047743,26.524401,62.214663,32.993846,-106.969198,26.524401,-71.958875,1185.944887,0.666589,5.885563,0.020821,32375.830884,813406.539538,845782.370423,-0.000000,-334.887033
20.400000,360.929759,411.208242,4175.617705,17.732723,19.601238,44.328071,0.681676,-0.249027,-0.127964,-0.675959,-0.029178,-0.089560,0.000000,-0.049412,-0.156697,-9.991816,-0.008299,-0.026141,0.000000,0.742809,-0.238376,-4.889206,-0.054776,-0.172528,0.000000,60242.502108,0.699552,0.000018,347.220687,9.000000,-8.000000,51.610424,9.993167,26.432139,59.193034,32.993952,-106.969022,26.432139,-71.955452,980.445110,0.780121,4.889206,0.029279,26636.388162,818976.427313,845612.815475,-0.000000,-252.334017
21.000000,371.560658,422.941302,4200.419031,17.703873,19.509823,38.348050,0.675207,-0.275291,-0.141476,-0.669538,-0.034772,-0.107008,0.000000,-0.046854,-0.148227,-9.942363,-0.010475,-0.032296,0.000000,0.871002,-0.282713,-4.024356,-0.069138,-0.213150,0.000000,60047.198041,0.697284,0.000018,347.220687,9.000000,-8.000000,46.525615,9.943578,26.345024,55.511031,32.994057,-106.968846,26.345024,-71.957729,802.964406,0.915736,4.024356,0.041777,21646.374011,823840.785809,845487.159820,0.000000,-187.235640
21.600000,382.174690,434.620994,4221.641012,17.676457,19.423246,32.396394,0.666611,-0.306406,-0.157490,-0.661005,-0.041822,-0.128543,0.000000,-0.044539,-0.140550,-9.897118,-0.013068,-0.039826,0.000000,1.024996,-0.335336,-3.287254,-0.086248,-0.262848,0.000000,59880.487739,0.695348,0.000018,347.220687,9.000000,-8.000000,41.704263,9.898216,26.262514,50.969651,32.994162,-106.968670,26.262514,-71.960871,652.528995,1.078456,3.287254,0.060299,17392.519832,828003.116668,845395.636500,0.000000,-137.092494
22.200000,392.772685,446.250086,4239.299930,17.650417,19.341108,26.470808,0.655043,-0.343321,-0.176467,-0.649533,-0.050524,-0.155052,0.000000,-0.042233,-0.133265,-9.855352,-0.015970,-0.048772,0.000000,1.206198,-0.394337,-2.675027,-0.105400,-0.321892,0.000000,59742.053107,0.693740,0.000018,347.220687,9.000000,-8.000000,37.233303,9.856343,26.184264,45.311795,32.994267,-106.968495,26.184264,-71.961122,528.307453,1.269021,2.675027,0.087760,13863.281363,831466.613255,845329.894618,0.000000,-99.600099
22.800000,403.355479,457.831217,4253.410825,17.625810,19.263421,20.569390,0.639335,-0.386987,-0.198896,-0.633965,-0.061048,-0.187272,0.000000,-0.039737,-0.125525,-9.816497,-0.019149,-0.058730,0.000000,1.408975,-0.459368,-2.185639,-0.126383,-0.387619,0.000000,59631.619089,0.692458,0.000018,347.220687,9.000000,-8.000000,33.239249,9.817380,26.110315,38.230580,32.994371,-106.968320,26.110315,-71.959781,429.600422,1.481968,2.185639,0.128032,11048.611411,834234.225292,845282.836703,0.000000,-72.648968
23.400000,413.923984,469.367210,4263.987695,17.602839,19.190821,14.690451,0.617921,-0.438165,-0.225184,-0.612741,-0.073507,-0.225533,0.000000,-0.036695,-0.116039,-9.780486,-0.022328,-0.068643,0.000000,1.617789,-0.526526,-1.817792,-0.147362,-0.453041,0.000000,59548.951323,0.691498,0.000018,347.220687,9.000000,-8.000000,29.899112,9.781243,26.041266,29.428299,32.994474,-106.968145,26.041266,-71.958584,355.830709,1.701315,1.817792,0.185686,8939.754837,836308.698614,845248.453450,0.000000,-54.350371
24.000000,424.479308,480.861523,4271.043478,17.581978,19.124825,8.832014,0.588810,-0.497092,-0.255458,-0.583881,-0.087703,-0.269202,0.000000,-0.032624,-0.103228,-9.748529,-0.024771,-0.076202,0.000000,1.797393,-0.584653,-1.570792,-0.163490,-0.502933,0.000000,59493.855645,0.690858,0.000018,347.220687,9.000000,-8.000000,27.438833,9.749130,25.978547,18.776624,32.994578,-106.967970,25.978547,-71.958033,306.537598,1.890090,1.570792,0.264534,7529.157957,837692.570387,845221.728344,-0.000000,-43.100658
24.600000,435.022926,492.318792,4274.589459,17.563960,19.067785,2.990640,0.549753,-0.562912,-0.289284,-0.545149,-0.102783,-0.315611,0.000000,-0.027221,-0.086134,-9.724602,-0.024935,-0.076664,0.000000,1.871013,-0.608782,-1.444280,-0.164568,-0.505980,0.000000,59466.182135,0.690537,0.000018,347.220687,9.000000,-8.000000,26.096303,9.725022,25.924373,6.580565,32.994681,-106.967795,25.924373,-71.958039,281.376647,1.967563,1.444280,0.363577,6810.534025,838388.054453,845198.588478,0.000000,-37.690369
25.200000,445.556762,503.745096,4274.633651,17.549423,19.021791,-2.840794,0.498866,-0.632923,-0.325271,-0.494681,-0.116576,-0.358008,0.000000,-0.021813,-0.068975,-9.715963,-0.019834,-0.060916,0.000000,1.667807,-0.593080,-1.412889,-0.130904,-0.402045,0.000000,59465.837320,0.690533,0.000018,347.220687,9.000000,-8.000000,26.036142,9.717648,25.880703,-6.264011,32.994784,-106.967621,25.880703,-71.958131,280.128331,1.816476,1.412889,0.467807,6779.272803,838396.721900,845175.994703,0.000000,-36.696833
25.800000,456.082801,515.146745,4271.179324,17.535862,18.978930,-8.670598,0.436231,-0.701790,-0.360672,-0.432560,-0.124626,-0.382714,0.000000,-0.173995,-0.549906,-9.306452,-0.006151,-0.018834,0.000000,-3.653788,-15.057020,6.601799,-0.040597,-0.124301,0.000000,59492.795287,0.690846,0.000018,347.220687,9.000000,-8.000000,27.255462,9.770189,25.840016,-18.552330,32.994886,-106.967447,25.840016,-71.957976,302.535842,16.448013,-6.601799,0.534600,7428.782342,837719.214257,845147.996599,0.000000,199.008227
26.400000,466.602154,526.527274,4264.218221,17.558764,19.051360,-14.626576,0.364803,-0.763051,-0.392161,-0.361725,-0.119532,-0.367019,0.000000,2.853943,9.020545,-17.794176,0.045961,0.141334,0.000000,85.627644,273.871398,-153.221130,0.303340,0.932802,0.000000,59547.150590,0.691477,0.000018,347.220687,9.000000,-8.000000,29.752441,9.185063,25.908690,-29.445148,32.994988,-106.967272,25.908690,-71.957627,352.296802,-285.965411,153.221130,0.491675,8852.535005,836353.912363,845206.447367,-0.000000,-4534.792460
27.000000,476.633982,536.366918,4255.188706,15.967067,14.020544,-15.489324,0.364417,-0.763346,-0.392312,-0.361342,-0.119462,-0.366804,0.000000,-2.252349,-7.118913,-1.572109,-0.000006,-0.000020,0.000000,-67.091042,-212.052556,149.146486,-0.000042,-0.000129,0.000000,59617.716856,0.692297,0.000018,347.220687,9.000000,-8.000000,26.295285,7.628404,21.249067,-36.089848,32.995077,-106.967106,21.249067,-71.957625,267.698348,222.412754,-149.146486,0.491095,6914.907953,834582.926529,841497.834482,-0.000000,3921.995180
27.600000,485.845808,543.614810,4245.599573,14.793059,10.309902,-16.488932,0.364417,-0.763346,-0.392312,-0.361342,-0.119462,-0.366804,0.000000,-1.705365,-5.390081,-1.723270,0.000000,0.000002,0.000000,-50.818887,-160.621288,144.649510,0.000003,0.000010,0.000000,59692.730701,0.693168,0.000018,347.220687,9.000000,-8.000000,24.433856,5.910373,18.031322,-42.441649,32.995142,-106.966954,18.031322,-71.957625,222.054903,168.468873,-144.649510,0.491095,5970.618144,832702.181044,838672.799188,0.000000,3534.324965
28.200000,494.437817,548.903670,4235.395056,13.881773,7.429633,-17.524545,0.364417,-0.763346,-0.392312,-0.361342,-0.119462,-0.366804,0.000000,-1.355594,-4.284575,-1.708113,-0.000000,-0.000000,0.000000,-40.413711,-127.734079,145.076786,-0.000000,-0.000000,0.000000,59772.642491,0.694096,0.000018,347.220687,9.000000,-8.000000,23.558709,4.807584,15.744937,-48.061874,32.995190,-106.966811,15.744937,-71.957625,197.475401,133.974860,-145.076786,0.491095,5550.618620,830700.738534,836251.357154,-0.000000,3417.821766
28.800000,502.538631,552.640030,4224.578496,13.144949,5.100782,-18.519213,0.364417,-0.763346,-0.392312,-0.361342,-0.119462,-0.366804,0.000000,-1.113738,-3.520151,-1.595249,0.000000,0.000000,0.000000,-33.218883,-104.993658,148.419369,0.000000,0.000000,0.000000,59857.441756,0.695080,0.000018,347.220687,9.000000,-8.000000,23.275914,4.022020,14.099911,-52.715480,32.995223,-106.966678,14.099911,-71.957625,184.811827,110.123397,-148.419369,0.491095,5418.167848,828579.254165,833997.422012,0.000000,3454.595303
29.400000,510.236520,555.102881,4213.189371,12.532913,3.166343,-19.428006,0.364417,-0.763346,-0.392312,-0.361342,-0.119462,-0.366804,0.000000,-0.934784,-2.954537,-1.427586,0.000000,0.000000,0.000000,-27.895033,-88.166770,153.399194,0.000000,0.000000,0.000000,59946.835055,0.696118,0.000018,347.220687,9.000000,-8.000000,23.335522,3.411907,12.926702,-56.361602,32.995245,-106.966550,12.926702,-71.957625,179.116715,92.474387,-153.399194,0.491095,5445.957068,826345.470903,831791.427972,0.000000,3579.651054
30.000000,517.596926,556.499061,4201.286857,12.015665,1.531497,-20.227586,0.364417,-0.763346,-0.392312,-0.361342,-0.119462,-0.366804,0.000000,-0.794465,-2.511034,-1.235848,-0.000000,-0.000000,0.000000,-23.719928,-74.970675,159.101894,-0.000000,-0.000000,0.000000,60040.373434,0.697205,0.000018,347.220687,9.000000,-8.000000,23.577028,2.909258,12.112869,-59.085575,32.995257,-106.966428,12.112869,-71.957625,177.472846,78.633562,-159.101894,0.491095,5559.254405,824010.995175,829570.249580,-0.000000,3751.151176
30.600000,524.670521,556.988729,4188.939618,11.574499,0.137121,-20.910432,0.364417,-0.763346,-0.392312,-0.361342,-0.119462,-0.366804,0.000000,-0.679636,-2.148100,-1.041132,-0.000000,-0.000000,0.000000,-20.302397,-64.169013,164.898825,-0.000000,-0.000000,0.000000,60137.531633,0.698333,0.000018,347.220687,9.000000,-8.000000,23.900502,2.481974,11.575312,-61.032562,32.995262,-106.966311,11.575312,-71.957625,178.105233,67.304157,-164.898825,0.491095,5712.831252,821589.294126,827302.125378,-0.000000,3941.164715
31.200000,531.498945,556.703495,4176.217234,11.196509,-1.057579,-21.479137,0.364417,-0.763346,-0.392312,-0.361342,-0.119462,-0.366804,0.000000,-0.582930,-1.842445,-0.857261,0.000000,0.000000,0.000000,-17.423140,-55.068657,170.377407,0.000000,0.000000,0.000000,60237.774918,0.699497,0.000018,347.220687,9.000000,-8.000000,24.245236,2.114075,11.246312,-62.363812,32.995259,-106.966198,11.246312,-71.957625,179.901258,57.759179,-170.377407,0.491095,5878.807979,819094.014826,824972.822805,0.000000,4130.842668
31.800000,538.117081,555.753610,4163.185662,10.872214,-2.082564,-21.942833,0.364417,-0.763346,-0.392312,-0.361342,-0.119462,-0.366804,0.000000,-0.500152,-1.580812,-0.692006,-0.000000,-0.000000,0.000000,-14.957445,-47.275427,175.305022,-0.000000,-0.000000,0.000000,60340.594607,0.700691,0.000018,347.220687,9.000000,-8.000000,24.577012,1.796662,11.069857,-63.229701,32.995251,-106.966089,11.069857,-71.957625,182.182635,49.585191,-175.305022,0.491095,6040.786007,816538.093433,822578.879439,-0.000000,4308.472911
32.400000,544.554849,554.233646,4149.904349,10.594051,-2.961743,-22.313902,0.364417,-0.763346,-0.392312,-0.361342,-0.119462,-0.366804,0.000000,-0.428719,-1.355036,-0.548835,0.000000,0.000000,0.000000,-12.828562,-40.546746,179.577206,0.000000,0.000000,0.000000,60445.530942,0.701909,0.000018,347.220687,9.000000,-8.000000,24.878014,1.523530,11.000249,-63.757756,32.995237,-106.965982,11.000249,-71.957625,184.544171,42.527763,-179.577206,0.491095,6189.646601,813933.189642,820122.836243,0.000000,4467.523835
33.000000,550.837957,552.224850,4136.424863,10.355798,-3.714782,-22.605903,0.364417,-0.763346,-0.392312,-0.361342,-0.119462,-0.366804,0.000000,-0.366938,-1.159767,-0.428170,-0.000000,-0.000000,0.000000,-10.986318,-34.724036,183.180365,-0.000000,-0.000000,0.000000,60552.184092,0.703148,0.000018,347.220687,9.000000,-8.000000,25.140978,1.289586,11.001905,-64.048611,32.995219,-106.965878,11.001905,-71.957625,186.765865,36.420569,-183.180365,0.491095,6321.178281,811289.417662,817610.595943,-0.000000,4605.332948
33.600000,556.988708,549.797723,4122.790597,10.152047,-4.358768,-22.831969,0.364417,-0.763346,-0.392312,-0.361342,-0.119462,-0.366804,0.000000,-0.313531,-0.990965,-0.328695,0.000000,0.000000,0.000000,-9.392838,-29.687587,186.152882,0.000000,0.000000,0.000000,60660.216864,0.704402,0.000018,347.220687,9.000000,-8.000000,25.364574,1.090116,11.048204,-64.178040,32.995197,-106.965776,11.048204,-71.957625,188.739148,31.138051,-186.152882,0.491095,6434.107209,808615.288226,815049.395436,0.000000,4721.688385
34.200000,563.026379,547.013185,4109.037411,9.978092,-4.908582,-23.004140,0.364417,-0.763346,-0.392312,-0.361342,-0.119462,-0.366804,0.000000,-0.267456,-0.845339,-0.248116,-0.000000,-0.000000,0.000000,-8.017318,-25.340032,188.562443,-0.000000,-0.000000,0.000000,60769.349990,0.705670,0.000018,347.220687,9.000000,-8.000000,25.550867,0.920702,11.120088,-64.201108,32.995172,-106.965676,11.120088,-71.957625,190.426311,26.578085,-188.562443,0.491095,6528.959121,805917.834448,812446.793569,-0.000000,4817.933691
34.800000,568.967572,543.923713,4095.194413,9.829810,-5.377251,-23.132961,0.364417,-0.763346,-0.392312,-0.361342,-0.119462,-0.366804,0.000000,-0.227813,-0.720039,-0.183755,0.000000,0.000000,0.000000,-6.833071,-21.597028,190.488409,0.000000,0.000000,0.000000,60879.356263,0.706947,0.000018,347.220687,9.000000,-8.000000,25.703577,0.777252,11.204463,-64.156745,32.995145,-106.965577,11.204463,-71.957625,191.830542,22.652207,-190.488409,0.491095,6607.229900,803202.765826,809809.995726,0.000000,4896.233541
35.400000,574.826585,540.574495,4081.284862,9.703588,-5.776196,-23.227371,0.364417,-0.763346,-0.392312,-0.361342,-0.119462,-0.366804,0.000000,-0.193795,-0.612520,-0.132933,0.000000,0.000000,0.000000,-5.816253,-18.383208,192.010362,0.000000,0.000000,0.000000,60990.053778,0.708233,0.000018,347.220687,9.000000,-8.000000,25.827016,0.656055,11.292652,-64.071970,32.995115,-106.965481,11.292652,-71.957625,192.976022,19.281368,-192.010362,0.491095,6670.838559,800474.643832,807145.482391,0.000000,4959.054557
36.000000,580.615682,537.004301,4067.327093,9.596273,-6.115384,-23.294723,0.364417,-0.763346,-0.392312,-0.361342,-0.119462,-0.366804,0.000000,-0.164677,-0.520488,-0.093191,-0.000000,-0.000000,0.000000,-4.945360,-15.630612,193.201417,-0.000000,-0.000000,0.000000,61101.298807,0.709524,0.000018,347.220687,9.000000,-8.000000,25.925477,0.553815,11.379201,-63.965029,32.995082,-106.965385,11.379201,-71.957625,193.895721,16.394286,-193.201417,0.491095,6721.794534,797737.064699,804458.859233,-0.000000,5008.838664
36.600000,586.345371,533.246338,4053.335490,9.505121,-6.403483,-23.341000,0.364417,-0.763346,-0.392312,-0.361342,-0.119462,-0.366804,0.000000,-0.139807,-0.441884,-0.062361,0.000000,0.000000,0.000000,-4.201074,-13.278174,194.126115,0.000000,0.000000,0.000000,61212.978338,0.710821,0.000018,347.220687,9.000000,-8.000000,26.002962,0.467649,11.460879,-63.848075,32.995049,-106.965290,11.460879,-71.957625,194.625011,13.926914,-194.126115,0.491095,6762.031336,794992.849690,801754.881027,0.000000,5047.853776
37.200000,592.024593,529.328863,4039.321171,9.427769,-6.647966,-23.370967,0.364417,-0.763346,-0.392312,-0.361342,-0.119462,-0.366804,0.000000,-0.118608,-0.374879,-0.038614,-0.000000,-0.000000,0.000000,-3.566225,-11.271630,194.838984,-0.000000,-0.000000,0.000000,61325.004819,0.712122,0.000018,347.220687,9.000000,-8.000000,26.063009,0.395086,11.535958,-63.728958,32.995013,-106.965196,11.535958,-71.957625,195.197338,11.822335,-194.838984,0.491095,6793.295536,792244.179232,799037.474768,-0.000000,5078.090241
37.800000,597.661086,525.276337,4025.292899,9.362151,-6.855363,-23.388466,0.364417,-0.763346,-0.392312,-0.361342,-0.119462,-0.366804,0.000000,-0.100559,-0.317833,-0.020404,0.000000,0.000000,0.000000,-3.025401,-9.562271,195.386131,0.000000,0.000000,0.000000,61437.309044,0.713426,0.000018,347.220687,9.000000,-8.000000,26.108731,0.333984,11.603683,-63.612682,32.994977,-106.965103,11.603683,-71.957625,195.643297,10.029461,-195.386131,0.491095,6817.148793,789492.772257,796309.921049,0.000000,5101.283377
38.400000,603.261323,521.109218,4011.257192,9.306521,-7.031191,-23.396417,0.364417,-0.763346,-0.392312,-0.361342,-0.119462,-0.366804,0.000000,-0.085213,-0.269330,-0.006516,0.000000,0.000000,0.000000,-2.565287,-8.108004,195.803838,0.000000,0.000000,0.000000,61549.839406,0.714733,0.000018,347.220687,9.000000,-8.000000,26.142690,0.282560,11.663958,-63.502087,32.994939,-106.965010,11.663958,-71.957625,195.988228,8.504142,-195.803838,0.491095,6834.892669,786739.906922,793574.799592,0.000000,5118.837882
39.000000,608.830641,516.844375,3997.218634,9.259424,-7.180047,-23.396937,0.364417,-0.763346,-0.392312,-0.361342,-0.119462,-0.366804,0.000000,-0.072190,-0.228168,0.003950,-0.000000,-0.000000,0.000000,-2.174560,-6.873048,196.118989,-0.000000,-0.000000,0.000000,61662.559489,0.716042,0.000018,347.220687,9.000000,-8.000000,26.166902,0.239348,11.717085,-63.398489,32.994901,-106.964917,11.717085,-71.957625,196.251445,7.208849,-196.118989,0.491095,6847.558626,783986.482330,790834.040957,-0.000000,5131.826392
39.600000,614.373937,512.497286,3983.181286,9.219526,-7.306152,-23.391911,0.364417,-0.763346,-0.392312,-0.361342,-0.119462,-0.366804,0.000000,-0.061137,-0.193233,0.011810,-0.000000,-0.000000,0.000000,-1.842747,-5.824299,196.355958,-0.000000,-0.000000,0.000000,61775.436958,0.717353,0.000018,347.220687,9.000000,-8.000000,26.183217,0.203013,11.763476,-63.302792,32.994862,-106.964826,11.763476,-71.957625,196.450931,6.108860,-196.355958,0.491095,6856.099690,781233.295096,788089.394786,-0.000000,5141.230686
40.200000,619.895107,508.080265,3969.148162,9.185761,-7.412873,-23.382745,0.364417,-0.763346,-0.392312,-0.361342,-0.119462,-0.366804,0.000000,-0.051769,-0.163623,0.017710,-0.000000,-0.000000,0.000000,-1.561337,-4.934859,196.534137,-0.000000,-0.000000,0.000000,61888.447620,0.718665,0.000018,347.220687,9.000000,-8.000000,26.193160,0.172528,11.803765,-63.215052,32.994822,-106.964734,11.803765,-71.957625,196.602280,5.175964,-196.534137,0.491095,6861.307574,778480.936510,785342.244084,-0.000000,5147.850151
40.800000,625.397727,503.604611,3955.121893,9.157150,-7.503301,-23.370674,0.364417,-0.763346,-0.392312,-0.361342,-0.119462,-0.366804,0.000000,-0.043821,-0.138505,0.022227,0.000000,0.000000,0.000000,-1.322465,-4.179865,196.670770,0.000000,0.000000,0.000000,62001.570314,0.719979,0.000018,347.220687,9.000000,-8.000000,26.198114,0.146961,11.838614,-63.135116,32.994782,-106.964643,11.838614,-71.957625,196.719600,4.384083,-196.670770,0.491095,6863.902747,775729.922306,782593.825053,0.000000,5152.403172
41.400000,630.884557,499.079052,3941.103976,9.132931,-7.579850,-23.356428,0.364417,-0.763346,-0.392312,-0.361342,-0.119462,-0.366804,0.000000,-0.037088,-0.117221,0.025696,0.000000,0.000000,0.000000,-1.119935,-3.539735,196.775946,0.000000,0.000000,0.000000,62114.792871,0.721293,0.000018,347.220687,9.000000,-8.000000,26.198993,0.125603,11.868635,-63.062471,32.994741,-106.964552,11.868635,-71.957625,196.810955,3.712678,-196.775946,0.491095,6864.363290,772980.546169,779844.909459,0.000000,5155.331551
42.000000,636.358036,494.511293,3927.095469,9.112427,-7.644658,-23.340542,0.364417,-0.763346,-0.392312,-0.361342,-0.119462,-0.366804,0.000000,-0.031382,-0.099187,0.028360,-0.000000,-0.000000,0.000000,-0.948220,-2.997002,196.856919,-0.000000,-0.000000,0.000000,62228.106614,0.722609,0.000018,347.220687,9.000000,-8.000000,26.196526,0.107834,11.894414,-62.996466,32.994700,-106.964462,11.894414,-71.957625,196.882010,3.143428,-196.856919,0.491095,6863.071043,770233.015654,777096.086697,-0.000000,5156.967471
42.600000,641.820176,489.907696,3913.096971,9.095078,-7.699490,-23.323306,0.364417,-0.763346,-0.392312,-0.361342,-0.119462,-0.366804,0.000000,-0.026551,-0.083918,0.030342,-0.000000,-0.000000,0.000000,-0.802740,-2.537188,196.917355,-0.000000,-0.000000,0.000000,62341.506542,0.723926,0.000018,347.220687,9.000000,-8.000000,26.191203,0.093105,11.916483,-62.936331,32.994659,-106.964371,11.916483,-71.957625,196.935328,2.661149,-196.917355,0.491095,6860.282396,767487.448299,774347.730695,-0.000000,5157.502467
43.200000,647.272699,485.273705,3899.108782,9.080408,-7.745858,-23.304848,0.364417,-0.763346,-0.392312,-0.361342,-0.119462,-0.366804,0.000000,-0.022463,-0.070997,0.031686,0.000000,0.000000,0.000000,-0.679560,-2.147860,196.958594,0.000000,0.000000,0.000000,62454.990056,0.725244,0.000018,347.220687,9.000000,-8.000000,26.183354,0.080922,11.935330,-62.881226,32.994617,-106.964281,11.935330,-71.957625,196.971476,2.252800,-196.958594,0.491095,6856.171506,764743.902788,771600.074294,0.000000,5157.036645
43.800000,652.717110,480.614071,3885.131425,9.067999,-7.785079,-23.285437,0.364417,-0.763346,-0.392312,-0.361342,-0.119462,-0.366804,0.000000,-0.019003,-0.060061,0.032523,0.000000,0.000000,0.000000,-0.575241,-1.818144,196.984505,0.000000,0.000000,0.000000,62568.552717,0.726562,0.000018,347.220687,9.000000,-8.000000,26.173414,0.070888,11.951403,-62.830541,32.994575,-106.964191,11.951403,-71.957625,196.993729,1.906974,-196.984505,0.491095,6850.966959,762002.481724,768853.448683,0.000000,5155.756951
44.400000,658.154650,475.932724,3871.165701,9.057506,-7.818244,-23.265513,0.364417,-0.763346,-0.392312,-0.361342,-0.119462,-0.366804,0.000000,-0.016076,-0.050809,0.033083,-0.000000,-0.000000,0.000000,-0.486932,-1.539028,197.002090,-0.000000,-0.000000,0.000000,62682.187785,0.727882,0.000018,347.220687,9.000000,-8.000000,26.161946,0.062727,11.965089,-62.783951,32.994533,-106.964101,11.965089,-71.957625,197.008704,1.614221,-197.002090,0.491095,6844.965358,759263.342460,766108.307818,-0.000000,5153.958077
45.000000,663.586429,471.233167,3857.212234,9.048620,-7.846328,-23.245420,0.364417,-0.763346,-0.392312,-0.361342,-0.119462,-0.366804,0.000000,-0.013596,-0.042973,0.033548,-0.000000,-0.000000,0.000000,-0.412082,-1.302451,197.016814,-0.000000,-0.000000,0.000000,62795.889965,0.729202,0.000018,347.220687,9.000000,-8.000000,26.149415,0.056189,11.976743,-62.741107,32.994491,-106.964011,11.976743,-71.957625,197.021547,1.366085,-197.016814,0.491095,6838.410154,756526.607171,763365.017324,-0.000000,5151.874430
45.600000,669.013290,466.518065,3843.271203,9.041108,-7.870072,-23.225261,0.364417,-0.763346,-0.392312,-0.361342,-0.119462,-0.366804,0.000000,-0.011499,-0.036344,0.033970,-0.000000,-0.000000,0.000000,-0.348737,-1.102238,197.030225,-0.000000,-0.000000,0.000000,62909.657539,0.730523,0.000018,347.220687,9.000000,-8.000000,26.136036,0.051060,11.986645,-62.701570,32.994449,-106.963921,11.986645,-71.957625,197.033617,1.156091,-197.030225,0.491095,6831.415129,753792.310880,760623.726009,-0.000000,5149.589149
46.200000,674.436006,461.789861,3829.342589,9.034753,-7.890158,-23.205031,0.364417,-0.763346,-0.392312,-0.361342,-0.119462,-0.366804,0.000000,-0.009724,-0.030736,0.034339,0.000000,0.000000,0.000000,-0.295100,-0.932710,197.042074,0.000000,0.000000,0.000000,63023.490402,0.731845,0.000018,347.220687,9.000000,-8.000000,26.121922,0.047102,11.995055,-62.664828,32.994406,-106.963831,11.995055,-71.957625,197.044503,0.978280,-197.042074,0.491095,6824.039240,751060.449917,757884.489157,0.000000,5147.117711
46.800000,679.855204,457.050541,3815.425839,9.029380,-7.907139,-23.184432,0.364417,-0.763346,-0.392312,-0.361342,-0.119462,-0.366804,0.000000,-0.008224,-0.025992,0.034487,-0.000000,-0.000000,0.000000,-0.249706,-0.789237,197.047196,-0.000000,-0.000000,0.000000,63137.392813,0.733168,0.000018,347.220687,9.000000,-8.000000,26.106904,0.043959,12.002190,-62.630159,32.994364,-106.963741,12.002190,-71.957625,197.048934,0.827798,-197.047196,0.491095,6816.195612,748330.916148,755147.111760,-0.000000,5144.292287
47.400000,685.271429,452.301821,3801.521205,9.024838,-7.921495,-23.163614,0.364417,-0.763346,-0.392312,-0.361342,-0.119462,-0.366804,0.000000,-0.006954,-0.021980,0.034494,0.000000,0.000000,0.000000,-0.211294,-0.667828,197.048047,0.000000,0.000000,0.000000,63251.362476,0.734491,0.000018,347.220687,9.000000,-8.000000,26.091202,0.041489,12.008238,-62.597347,32.994321,-106.963652,12.008238,-71.957625,197.049292,0.700457,-197.048047,0.491095,6807.999184,745603.758577,752411.757761,0.000000,5141.220341
48.000000,690.685149,447.545186,3787.629241,9.020996,-7.933638,-23.142898,0.364417,-0.763346,-0.392312,-0.361342,-0.119462,-0.366804,0.000000,-0.005880,-0.018585,0.034537,0.000000,0.000000,0.000000,-0.178773,-0.565042,197.050006,0.000000,0.000000,0.000000,63365.394592,0.735816,0.000018,347.220687,9.000000,-8.000000,26.075174,0.039659,12.013367,-62.566392,32.994278,-106.963562,12.013367,-71.957625,197.050897,0.592649,-197.050006,0.491095,6799.638238,742879.085989,749678.724227,0.000000,5138.113242
48.600000,696.096746,442.781841,3773.749802,9.017748,-7.943905,-23.122216,0.364417,-0.763346,-0.392312,-0.361342,-0.119462,-0.366804,0.000000,-0.004972,-0.015715,0.034577,-0.000000,-0.000000,0.000000,-0.151252,-0.478055,197.051879,-0.000000,-0.000000,0.000000,63479.490086,0.737141,0.000018,347.220687,9.000000,-8.000000,26.058823,0.038305,12.017712,-62.536961,32.994235,-106.963472,12.017712,-71.957625,197.052517,0.501412,-197.051879,0.491095,6791.113595,740156.869877,746947.983472,-0.000000,5134.940025
49.200000,701.506549,438.012823,3759.882716,9.015002,-7.952585,-23.101484,0.364417,-0.763346,-0.392312,-0.361342,-0.119462,-0.366804,0.000000,-0.004204,-0.013287,0.034568,0.000000,0.000000,0.000000,-0.127961,-0.404442,197.052245,0.000000,0.000000,0.000000,63593.650098,0.738466,0.000018,347.220687,9.000000,-8.000000,26.042128,0.037271,12.021392,-62.508742,32.994192,-106.963383,12.021392,-71.957625,197.052702,0.424202,-197.052245,0.491095,6782.415531,737437.076774,744219.492305,0.000000,5131.659836
49.800000,706.914833,433.239008,3746.028001,9.012680,-7.959924,-23.080727,0.364417,-0.763346,-0.392312,-0.361342,-0.119462,-0.366804,0.000000,-0.003554,-0.011233,0.034521,-0.000000,-0.000000,0.000000,-0.108253,-0.342152,197.051466,-0.000000,-0.000000,0.000000,63707.874237,0.739793,0.000018,347.220687,9.000000,-8.000000,26.025156,0.036476,12.024507,-62.481563,32.994149,-106.963293,12.024507,-71.957625,197.051792,0.358868,-197.051466,0.491095,6773.578611,734719.709829,741493.288440,-0.000000,5128.295157
50.400000,712.321833,428.461131,3732.185753,9.010718,-7.966125,-23.060013,0.364417,-0.763346,-0.392312,-0.361342,-0.119462,-0.366804,0.000000,-0.003005,-0.009498,0.034475,-0.000000,-0.000000,0.000000,-0.091583,-0.289462,197.050699,-0.000000,-0.000000,0.000000,63822.161432,0.741120,0.000018,347.220687,9.000000,-8.000000,26.008006,0.035885,12.027144,-62.455328,32.994106,-106.963204,12.027144,-71.957625,197.050933,0.303605,-197.050699,0.491095,6764.655004,732004.788298,738769.443302,-0.000000,5124.895825
51.000000,717.727747,423.679823,3718.355963,9.009059,-7.971367,-23.039350,0.364417,-0.763346,-0.392312,-0.361342,-0.119462,-0.366804,0.000000,-0.002541,-0.008030,0.034433,0.000000,0.000000,0.000000,-0.077481,-0.244891,197.050075,0.000000,0.000000,0.000000,63936.511509,0.742448,0.000018,347.220687,9.000000,-8.000000,25.990719,0.035448,12.029374,-62.429904,32.994064,-106.963114,12.029374,-71.957625,197.050242,0.256856,-197.050075,0.491095,6755.665941,729292.310018,736047.975959,0.000000,5121.473162
51.600000,723.132745,418.895622,3704.538580,9.007657,-7.975799,-23.018724,0.364417,-0.763346,-0.392312,-0.361342,-0.119462,-0.366804,0.000000,-0.002148,-0.006789,0.034388,0.000000,0.000000,0.000000,-0.065548,-0.207174,197.049359,0.000000,0.000000,0.000000,64050.924617,0.743776,0.000018,347.220687,9.000000,-8.000000,25.973312,0.035118,12.031261,-62.405155,32.994020,-106.963025,12.031261,-71.957625,197.049479,0.217296,-197.049359,0.491095,6746.620278,726582.265252,733328.885530,0.000000,5118.024420
52.200000,728.536972,414.108982,3690.733546,9.006471,-7.979547,-22.998118,0.364417,-0.763346,-0.392312,-0.361342,-0.119462,-0.366804,0.000000,-0.001816,-0.005739,0.034331,-0.000000,-0.000000,0.000000,-0.055444,-0.175241,197.048238,-0.000000,-0.000000,0.000000,64165.400977,0.745105,0.000018,347.220687,9.000000,-8.000000,25.955792,0.034854,12.032859,-62.380959,32.993977,-106.962935,12.032859,-71.957625,197.048324,0.183803,-197.048238,0.491095,6737.522371,723874.642530,730612.164901,-0.000000,5114.543038
52.800000,733.940543,409.320267,3676.940849,9.005469,-7.982714,-22.977538,0.364417,-0.763346,-0.392312,-0.361342,-0.119462,-0.366804,0.000000,-0.001535,-0.004852,0.034263,0.000000,0.000000,0.000000,-0.046901,-0.148237,197.046831,0.000000,0.000000,0.000000,64279.940429,0.746436,0.000018,347.220687,9.000000,-8.000000,25.938185,0.034639,12.034209,-62.357241,32.993934,-106.962846,12.034209,-71.957625,197.046893,0.155480,-197.046831,0.491095,6728.385750,721169.439489,727897.825239,0.000000,5111.037255
53.400000,739.343560,404.529805,3663.160482,9.004622,-7.985392,-22.956997,0.364417,-0.763346,-0.392312,-0.361342,-0.119462,-0.366804,0.000000,-0.001298,-0.004101,0.034193,0.000000,0.000000,0.000000,-0.039671,-0.125387,197.045334,0.000000,0.000000,0.000000,64394.542765,0.747766,0.000018,347.220687,9.000000,-8.000000,25.920521,0.034463,12.035352,-62.333938,32.993891,-106.962756,12.035352,-71.957625,197.045378,0.131513,-197.045334,0.491095,6719.224971,718466.654876,725185.879847,0.000000,5107.517640
54.000000,744.746122,399.737901,3649.392428,9.003903,-7.987665,-22.936499,0.364417,-0.763346,-0.392312,-0.361342,-0.119462,-0.366804,0.000000,-0.001096,-0.003464,0.034124,-0.000000,-0.000000,0.000000,-0.033527,-0.105969,197.043857,-0.000000,-0.000000,0.000000,64509.207877,0.749098,0.000018,347.220687,9.000000,-8.000000,25.902819,0.034317,12.036322,-62.310985,32.993848,-106.962667,12.036322,-71.957625,197.043889,0.111146,-197.043857,0.491095,6710.051612,715766.285071,722476.336683,-0.000000,5103.991443
54.600000,750.148293,394.944763,3635.636661,9.003293,-7.989592,-22.916046,0.364417,-0.763346,-0.392312,-0.361342,-0.119462,-0.366804,0.000000,-0.000925,-0.002924,0.034055,-0.000000,-0.000000,0.000000,-0.028314,-0.089491,197.042403,-0.000000,-0.000000,0.000000,64623.935711,0.750430,0.000018,347.220687,9.000000,-8.000000,25.885093,0.034193,12.037145,-62.288335,32.993805,-106.962577,12.037145,-71.957625,197.042425,0.093863,-197.042403,0.491095,6700.871593,713068.325212,719769.196804,-0.000000,5100.460968
55.200000,755.550122,390.150544,3621.893154,9.002779,-7.991216,-22.895635,0.364417,-0.763346,-0.392312,-0.361342,-0.119462,-0.366804,0.000000,-0.000781,-0.002468,0.033986,0.000000,0.000000,0.000000,-0.023917,-0.075592,197.040923,0.000000,0.000000,0.000000,64738.726235,0.751763,0.000018,347.220687,9.000000,-8.000000,25.867348,0.034085,12.037839,-62.265951,32.993762,-106.962488,12.037839,-71.957625,197.040939,0.079286,-197.040923,0.491095,6691.687881,710372.769932,717064.457814,0.000000,5096.926075
55.800000,760.951661,385.355410,3608.161882,9.002346,-7.992584,-22.875265,0.364417,-0.763346,-0.392312,-0.361342,-0.119462,-0.366804,0.000000,-0.000659,-0.002084,0.033916,-0.000000,-0.000000,0.000000,-0.020211,-0.063881,197.039414,-0.000000,-0.000000,0.000000,64853.579395,0.753097,0.000018,347.220687,9.000000,-8.000000,25.849592,0.033986,12.038423,-62.243793,32.993719,-106.962399,12.038423,-71.957625,197.039425,0.067002,-197.039414,0.491095,6682.505027,707679.614415,714362.119441,-0.000000,5093.388399
56.400000,766.352961,380.559518,3594.442819,9.001981,-7.993739,-22.854937,0.364417,-0.763346,-0.392312,-0.361342,-0.119462,-0.366804,0.000000,-0.000557,-0.001760,0.033845,-0.000000,-0.000000,0.000000,-0.017079,-0.053982,197.037884,-0.000000,-0.000000,0.000000,64968.495157,0.754431,0.000018,347.220687,9.000000,-8.000000,25.831834,0.033896,12.038917,-62.221826,32.993676,-106.962309,12.038917,-71.957625,197.037892,0.056619,-197.037884,0.491095,6673.327692,704988.853360,711662.181052,-0.000000,5089.849958
57.000000,771.754063,375.763002,3580.735931,9.001671,-7.994718,-22.834651,0.364417,-0.763346,-0.392312,-0.361342,-0.119462,-0.366804,0.000000,-0.000470,-0.001485,0.033774,0.000000,0.000000,0.000000,-0.014420,-0.045577,197.036344,0.000000,0.000000,0.000000,65083.473537,0.755766,0.000018,347.220687,9.000000,-8.000000,25.814083,0.033810,12.039336,-62.200020,32.993633,-106.962220,12.039336,-71.957625,197.036350,0.047804,-197.036344,0.491095,6664.159860,702300.480346,708964.640206,0.000000,5086.312524
57.600000,777.154998,370.965955,3567.041192,9.001408,-7.995549,-22.814407,0.364417,-0.763346,-0.392312,-0.361342,-0.119462,-0.366804,0.000000,-0.000396,-0.001252,0.033703,0.000000,0.000000,0.000000,-0.012163,-0.038444,197.034800,0.000000,0.000000,0.000000,65198.514502,0.757102,0.000018,347.220687,9.000000,-8.000000,25.796343,0.033729,12.039691,-62.178352,32.993589,-106.962130,12.039691,-71.957625,197.034804,0.040322,-197.034800,0.491095,6655.004290,699614.490117,706269.494407,0.000000,5082.777311
58.200000,782.555784,366.168441,3553.358581,9.001187,-7.996248,-22.794206,0.364417,-0.763346,-0.392312,-0.361342,-0.119462,-0.366804,0.000000,-0.000334,-0.001056,0.033632,0.000000,0.000000,0.000000,-0.010262,-0.032434,197.033254,0.000000,0.000000,0.000000,65313.617971,0.758439,0.000018,347.220687,9.000000,-8.000000,25.778618,0.033650,12.039990,-62.156809,32.993546,-106.962041,12.039990,-71.957625,197.033257,0.034019,-197.033254,0.491095,6645.862716,696930.878569,703576.741285,0.000000,5079.245058
58.800000,787.956441,361.370518,3539.688077,9.001002,-7.996832,-22.774047,0.364417,-0.763346,-0.392312,-0.361342,-0.119462,-0.366804,0.000000,-0.000282,-0.000892,0.033561,-0.000000,-0.000000,0.000000,-0.008671,-0.027406,197.031710,-0.000000,-0.000000,0.000000,65428.783861,0.759776,0.000018,347.220687,9.000000,-8.000000,25.760912,0.033574,12.040239,-62.135376,32.993503,-106.961951,12.040239,-71.957625,197.031712,0.028745,-197.031710,0.491095,6636.736836,694249.641637,700886.378473,-0.000000,5075.716486
59.400000,793.356988,356.572246,3526.029658,9.000848,-7.997319,-22.753930,0.364417,-0.763346,-0.392312,-0.361342,-0.119462,-0.366804,0.000000,-0.000239,-0.000755,0.033491,-0.000000,-0.000000,0.000000,-0.007346,-0.023218,197.030169,-0.000000,-0.000000,0.000000,65544.012100,0.761114,0.000018,347.220687,9.000000,-8.000000,25.743227,0.033500,12.040448,-62.114041,32.993460,-106.961862,12.040448,-71.957625,197.030170,0.024353,-197.030169,0.491095,6627.628311,691570.774986,698198.403297,-0.000000,5072.192298
60.000000,798.757443,351.773682,3512.383299,9.000720,-7.997723,-22.733856,0.364417,-0.763346,-0.392312,-0.361342,-0.119462,-0.366804,0.000000,-0.000203,-0.000641,0.033420,-0.000000,-0.000000,0.000000,-0.006244,-0.019735,197.028633,-0.000000,-0.000000,0.000000,65659.302650,0.762453,0.000018,347.220687,9.000000,-8.000000,25.725566,0.033427,12.040620,-62.092790,32.993417,-106.961773,12.040620,-71.957625,197.028634,0.020699,-197.028633,0.491095,6618.538693,688894.273553,695512.812246,-0.000000,5068.673143
60.600000,804.157822,346.974881,3498.748972,9.000614,-7.998061,-22.713825,0.364417,-0.763346,-0.392312,-0.361342,-0.119462,-0.366804,0.000000,-0.000173,-0.000546,0.033350,-0.000000,-0.000000,0.000000,-0.005323,-0.016824,197.027103,-0.000000,-0.000000,0.000000,65774.655480,0.763793,0.000018,347.220687,9.000000,-8.000000,25.707933,0.033355,12.040765,-62.071610,32.993374,-106.961683,12.040765,-71.957625,197.027104,0.017645,-197.027103,0.491095,6609.469517,686220.132146,692829.601663,-0.000000,5065.159658
61.200000,809.558143,342.175897,3485.126652,9.000523,-7.998347,-22.693835,0.364417,-0.763346,-0.392312,-0.361342,-0.119462,-0.366804,0.000000,-0.000147,-0.000466,0.033280,0.000000,0.000000,0.000000,-0.004542,-0.014355,197.025582,0.000000,0.000000,0.000000,65890.070557,0.765133,0.000018,347.220687,9.000000,-8.000000,25.690331,0.033284,12.040887,-62.050488,32.993331,-106.961594,12.040887,-71.957625,197.025583,0.015056,-197.025582,0.491095,6600.422256,683548.345595,690148.767851,0.000000,5061.652458
61.800000,814.958417,337.376762,3471.516313,9.000446,-7.998590,-22.673888,0.364417,-0.763346,-0.392312,-0.361342,-0.119462,-0.366804,0.000000,-0.000126,-0.000397,0.033210,0.000000,0.000000,0.000000,-0.003875,-0.012248,197.024069,0.000000,0.000000,0.000000,66005.547840,0.766474,0.000018,347.220687,9.000000,-8.000000,25.672761,0.033213,12.040992,-62.029417,32.993287,-106.961504,12.040992,-71.957625,197.024070,0.012847,-197.024069,0.491095,6591.397757,680878.908920,687470.306677,0.000000,5058.151879
62.400000,820.358650,332.577499,3457.917929,9.000380,-7.998798,-22.653983,0.364417,-0.763346,-0.392312,-0.361342,-0.119462,-0.366804,0.000000,-0.000107,-0.000339,0.033141,0.000000,0.000000,0.000000,-0.003307,-0.010453,197.022564,0.000000,0.000000,0.000000,66121.087288,0.767815,0.000018,347.220687,9.000000,-8.000000,25.655224,0.033143,12.041080,-62.008392,32.993244,-106.961415,12.041080,-71.957625,197.022564,0.010963,-197.022564,0.491095,6582.396508,678211.817251,684794.213759,0.000000,5054.658098
63.000000,825.758849,327.778129,3444.331478,9.000324,-7.998976,-22.634119,0.364417,-0.763346,-0.392312,-0.361342,-0.119462,-0.366804,0.000000,-0.000091,-0.000289,0.033072,-0.000000,-0.000000,0.000000,-0.002821,-0.008917,197.021065,-0.000000,-0.000000,0.000000,66236.688855,0.769158,0.000018,347.220687,9.000000,-8.000000,25.637722,0.033074,12.041156,-61.987407,32.993201,-106.961325,12.041156,-71.957625,197.021065,0.009353,-197.021065,0.491095,6573.418992,675547.065719,682120.484711,-0.000000,5051.171293
63.600000,831.159020,322.978669,3430.756932,9.000276,-7.999128,-22.614297,0.364417,-0.763346,-0.392312,-0.361342,-0.119462,-0.366804,0.000000,-0.000078,-0.000246,0.033004,-0.000000,-0.000000,0.000000,-0.002404,-0.007598,197.019572,-0.000000,-0.000000,0.000000,66352.352502,0.770501,0.000018,347.220687,9.000000,-8.000000,25.620255,0.033005,12.041221,-61.966459,32.993158,-106.961236,12.041221,-71.957625,197.019572,0.007969,-197.019572,0.491095,6564.465583,672884.649441,679449.115023,-0.000000,5047.691596
64.200000,836.559167,318.179131,3417.194269,9.000235,-7.999258,-22.594517,0.364417,-0.763346,-0.392312,-0.361342,-0.119462,-0.366804,0.000000,-0.000066,-0.000209,0.032935,-0.000000,-0.000000,0.000000,-0.002047,-0.006469,197.018083,-0.000000,-0.000000,0.000000,66468.078188,0.771845,0.000018,347.220687,9.000000,-8.000000,25.602823,0.032936,12.041277,-61.945544,32.993115,-106.961147,12.041277,-71.957625,197.018083,0.006785,-197.018083,0.491095,6555.536469,670224.563506,676780.099975,-0.000000,5044.219064
64.800000,841.959291,313.379525,3403.643461,9.000200,-7.999369,-22.574777,0.364417,-0.763346,-0.392312,-0.361342,-0.119462,-0.366804,0.000000,-0.000056,-0.000178,0.032867,-0.000000,-0.000000,0.000000,-0.001741,-0.005503,197.016597,-0.000000,-0.000000,0.000000,66583.865875,0.773189,0.000018,347.220687,9.000000,-8.000000,25.585427,0.032867,12.041325,-61.924661,32.993072,-106.961057,12.041325,-71.957625,197.016597,0.005772,-197.016597,0.491095,6546.631821,667566.803003,674113.434824,-0.000000,5040.753745
65.400000,847.359398,308.579862,3390.104485,9.000169,-7.999465,-22.555079,0.364417,-0.763346,-0.392312,-0.361342,-0.119462,-0.366804,0.000000,-0.000048,-0.000151,0.032799,0.000000,0.000000,0.000000,-0.001480,-0.004677,197.015113,0.000000,0.000000,0.000000,66699.715523,0.774535,0.000018,347.220687,9.000000,-8.000000,25.568067,0.032799,12.041365,-61.903805,32.993028,-106.960968,12.041365,-71.957625,197.015113,0.004905,-197.015113,0.491095,6537.751798,664911.363031,671449.114829,0.000000,5037.295689
66.000000,852.759489,303.780150,3376.577316,9.000144,-7.999546,-22.535421,0.364417,-0.763346,-0.392312,-0.361342,-0.119462,-0.366804,0.000000,-0.000041,-0.000128,0.032731,0.000000,0.000000,0.000000,-0.001257,-0.003972,197.013631,0.000000,0.000000,0.000000,66815.627094,0.775881,0.000018,347.220687,9.000000,-8.000000,25.550744,0.032731,12.041400,-61.882977,32.992985,-106.960878,12.041400,-71.957625,197.013631,0.004166,-197.013631,0.491095,6528.896497,662258.238753,668787.135250,0.000000,5033.844938
66.600000,858.159566,298.980394,3363.061929,9.000122,-7.999615,-22.515805,0.364417,-0.763346,-0.392312,-0.361342,-0.119462,-0.366804,0.000000,-0.000034,-0.000109,0.032663,0.000000,0.000000,0.000000,-0.001067,-0.003372,197.012151,0.000000,0.000000,0.000000,66931.600546,0.777227,0.000018,347.220687,9.000000,-8.000000,25.533458,0.032663,12.041430,-61.862174,32.992942,-106.960789,12.041430,-71.957625,197.012151,0.003537,-197.012151,0.491095,6520.065993,659607.425355,666127.491349,0.000000,5030.401531
67.200000,863.559632,294.180601,3349.558300,9.000103,-7.999673,-22.496228,0.364417,-0.763346,-0.392312,-0.361342,-0.119462,-0.366804,0.000000,-0.000029,-0.000092,0.032595,-0.000000,-0.000000,0.000000,-0.000906,-0.002863,197.010672,-0.000000,-0.000000,0.000000,67047.635838,0.778575,0.000018,347.220687,9.000000,-8.000000,25.516209,0.032595,12.041455,-61.841394,32.992899,-106.960700,12.041455,-71.957625,197.010672,0.003003,-197.010672,0.491095,6511.260363,656958.918026,663470.178389,-0.000000,5026.965511
67.800000,868.959687,289.380777,3336.066404,9.000088,-7.999723,-22.476693,0.364417,-0.763346,-0.392312,-0.361342,-0.119462,-0.366804,0.000000,-0.000025,-0.000078,0.032528,-0.000000,-0.000000,0.000000,-0.000769,-0.002430,197.009196,-0.000000,-0.000000,0.000000,67163.732931,0.779923,0.000018,347.220687,9.000000,-8.000000,25.498997,0.032528,12.041476,-61.820636,32.992856,-106.960610,12.041476,-71.957625,197.009196,0.002549,-197.009196,0.491095,6502.479664,654312.711993,660815.191657,-0.000000,5023.536920
68.400000,874.359734,284.580925,3322.586217,9.000074,-7.999765,-22.457197,0.364417,-0.763346,-0.392312,-0.361342,-0.119462,-0.366804,0.000000,-0.000021,-0.000066,0.032460,-0.000000,-0.000000,0.000000,-0.000653,-0.002064,197.007721,-0.000000,-0.000000,0.000000,67279.891782,0.781272,0.000018,347.220687,9.000000,-8.000000,25.481823,0.032460,12.041494,-61.799900,32.992813,-106.960521,12.041494,-71.957625,197.007721,0.002165,-197.007721,0.491095,6493.723933,651668.802529,658162.526463,-0.000000,5020.115807
69.000000,879.759774,279.781051,3309.117716,9.000063,-7.999800,-22.437742,0.364417,-0.763346,-0.392312,-0.361342,-0.119462,-0.366804,0.000000,-0.000018,-0.000056,0.032393,0.000000,0.000000,0.000000,-0.000555,-0.001754,197.006250,0.000000,0.000000,0.000000,67396.112349,0.782621,0.000018,347.220687,9.000000,-8.000000,25.464686,0.032393,12.041509,-61.779184,32.992769,-106.960431,12.041509,-71.957625,197.006250,0.001840,-197.006250,0.491095,6484.993209,649027.184910,655512.178120,0.000000,5016.702222
69.600000,885.159808,274.981158,3295.660875,9.000054,-7.999830,-22.418327,0.364417,-0.763346,-0.392312,-0.361342,-0.119462,-0.366804,0.000000,-0.000015,-0.000048,0.032326,0.000000,0.000000,0.000000,-0.000472,-0.001490,197.004784,0.000000,0.000000,0.000000,67512.394591,0.783972,0.000018,347.220687,9.000000,-8.000000,25.447586,0.032326,12.041522,-61.758488,32.992726,-106.960342,12.041522,-71.957625,197.004784,0.001563,-197.004784,0.491095,6476.287517,646387.854404,652864.141921,0.000000,5013.296207
70.200000,890.559836,270.181248,3282.215671,9.000046,-7.999856,-22.398952,0.364417,-0.763346,-0.392312,-0.361342,-0.119462,-0.366804,0.000000,-0.000013,-0.000041,0.032259,0.000000,0.000000,0.000000,-0.000401,-0.001267,197.003321,0.000000,0.000000,0.000000,67628.738471,0.785323,0.000018,347.220687,9.000000,-8.000000,25.430524,0.032259,12.041533,-61.737811,32.992683,-106.960252,12.041533,-71.957625,197.003321,0.001329,-197.003321,0.491095,6467.606846,643750.806257,650218.413103,0.000000,5009.897787
70.800000,895.959861,265.381325,3268.782080,9.000039,-7.999878,-22.379617,0.364417,-0.763346,-0.392312,-0.361342,-0.119462,-0.366804,0.000000,-0.000011,-0.000035,0.032192,0.000000,0.000000,0.000000,-0.000341,-0.001077,197.001865,0.000000,0.000000,0.000000,67745.143951,0.786674,0.000018,347.220687,9.000000,-8.000000,25.413501,0.032192,12.041542,-61.717151,32.992640,-106.960163,12.041542,-71.957625,197.001865,0.001130,-197.001865,0.491095,6458.951177,641116.035709,647574.986886,0.000000,5006.506984
71.400000,901.359881,260.581390,3255.360077,9.000033,-7.999896,-22.360322,0.364417,-0.763346,-0.392312,-0.361342,-0.119462,-0.366804,0.000000,-0.000009,-0.000029,0.032126,-0.000000,-0.000000,0.000000,-0.000290,-0.000916,197.000413,-0.000000,-0.000000,0.000000,67861.610992,0.788027,0.000018,347.220687,9.000000,-8.000000,25.396514,0.032126,12.041550,-61.696510,32.992597,-106.960074,12.041550,-71.957625,197.000413,0.000961,-197.000413,0.491095,6450.320487,638483.538019,644933.858506,-0.000000,5003.123820
72.000000,906.759899,255.781445,3241.949639,9.000028,-7.999912,-22.341067,0.364417,-0.763346,-0.392312,-0.361342,-0.119462,-0.366804,0.000000,-0.000008,-0.000025,0.032060,-0.000000,-0.000000,0.000000,-0.000246,-0.000779,196.998968,-0.000000,-0.000000,0.000000,67978.139549,0.789380,0.000018,347.220687,9.000000,-8.000000,25.379566,0.032060,12.041557,-61.675886,32.992554,-106.959984,12.041557,-71.957625,196.998968,0.000817,-196.998968,0.491095,6441.714732,635853.308636,642295.023367,-0.000000,4999.748295
72.600000,912.159914,250.981492,3228.550744,9.000024,-7.999925,-22.321851,0.364417,-0.763346,-0.392312,-0.361342,-0.119462,-0.366804,0.000000,-0.000007,-0.000021,0.031994,-0.000000,-0.000000,0.000000,-0.000210,-0.000662,196.997529,-0.000000,-0.000000,0.000000,68094.729572,0.790734,0.000018,347.220687,9.000000,-8.000000,25.362655,0.031994,12.041562,-61.655278,32.992510,-106.959895,12.041562,-71.957625,196.997529,0.000695,-196.997529,0.491095,6433.133848,633225.343131,639658.476979,-0.000000,4996.380402
73.200000,917.559926,246.181532,3215.163369,9.000020,-7.999936,-22.302675,0.364417,-0.763346,-0.392312,-0.361342,-0.119462,-0.366804,0.000000,-0.000006,-0.000018,0.031928,0.000000,0.000000,0.000000,-0.000178,-0.000563,196.996097,0.000000,0.000000,0.000000,68211.381012,0.792088,0.000018,347.220687,9.000000,-8.000000,25.345782,0.031928,12.041567,-61.634688,32.992467,-106.959805,12.041567,-71.957625,196.996097,0.000590,-196.996097,0.491095,6424.577772,630599.637076,637024.214849,0.000000,4993.020131
73.800000,922.959937,241.381566,3201.787490,9.000017,-7.999946,-22.283539,0.364417,-0.763346,-0.392312,-0.361342,-0.119462,-0.366804,0.000000,-0.000005,-0.000015,0.031863,0.000000,0.000000,0.000000,-0.000151,-0.000478,196.994670,0.000000,0.000000,0.000000,68328.093834,0.793444,0.000018,347.220687,9.000000,-8.000000,25.328947,0.031863,12.041571,-61.614114,32.992424,-106.959716,12.041571,-71.957625,196.994670,0.000502,-196.994670,0.491095,6416.046429,627976.185704,634392.232133,0.000000,4989.667459
74.400000,928.359946,236.581595,3188.423078,9.000015,-7.999954,-22.264441,0.364417,-0.763346,-0.392312,-0.361342,-0.119462,-0.366804,0.000000,-0.000004,-0.000013,0.031798,0.000000,0.000000,0.000000,-0.000129,-0.000406,196.993248,0.000000,0.000000,0.000000,68444.868035,0.794800,0.000018,347.220687,9.000000,-8.000000,25.312149,0.031798,12.041575,-61.593556,32.992381,-106.959627,12.041575,-71.957625,196.993248,0.000426,-196.993248,0.491095,6407.539716,625354.983615,631762.523331,0.000000,4986.322341
75.000000,933.759954,231.781619,3175.070107,9.000012,-7.999961,-22.245383,0.364417,-0.763346,-0.392312,-0.361342,-0.119462,-0.366804,0.000000,-0.000003,-0.000011,0.031733,0.000000,0.000000,0.000000,-0.000109,-0.000345,196.991830,0.000000,0.000000,0.000000,68561.703613,0.796157,0.000018,347.220687,9.000000,-8.000000,25.295388,0.031733,12.041578,-61.573013,32.992338,-106.959537,12.041578,-71.957625,196.991830,0.000362,-196.991830,0.491095,6399.057529,622736.025342,629135.082872,0.000000,4982.984728
75.600000,939.159960,226.981640,3161.728549,9.000010,-7.999967,-22.226363,0.364417,-0.763346,-0.392312,-0.361342,-0.119462,-0.366804,0.000000,-0.000003,-0.000009,0.031668,-0.000000,-0.000000,0.000000,-0.000093,-0.000294,196.990416,-0.000000,-0.000000,0.000000,68678.600561,0.797514,0.000018,347.220687,9.000000,-8.000000,25.278664,0.031668,12.041580,-61.552487,32.992295,-106.959448,12.041580,-71.957625,196.990416,0.000308,-196.990416,0.491095,6390.599777,620119.305573,626509.905350,-0.000000,4979.654590
76.200000,944.559966,222.181658,3148.398382,9.000009,-7.999972,-22.207382,0.364417,-0.763346,-0.392312,-0.361342,-0.119462,-0.366804,0.000000,-0.000003,-0.000008,0.031604,-0.000000,-0.000000,0.000000,-0.000079,-0.000250,196.989008,-0.000000,-0.000000,0.000000,68795.558831,0.798872,0.000018,347.220687,9.000000,-8.000000,25.261978,0.031604,12.041583,-61.531976,32.992251,-106.959358,12.041583,-71.957625,196.989008,0.000262,-196.989008,0.491095,6382.166441,617504.819933,623886.986374,-0.000000,4976.332002
76.800000,949.959971,217.381672,3135.079586,9.000008,-7.999976,-22.188440,0.364417,-0.763346,-0.392312,-0.361342,-0.119462,-0.366804,0.000000,-0.000002,-0.000007,0.031540,-0.000000,-0.000000,0.000000,-0.000068,-0.000214,196.987611,-0.000000,-0.000000,0.000000,68912.578361,0.800231,0.000018,347.220687,9.000000,-8.000000,25.245329,0.031540,12.041584,-61.511480,32.992208,-106.959269,12.041584,-71.957625,196.987611,0.000225,-196.987611,0.491095,6373.757527,614892.564398,621266.321926,-0.000000,4973.017079
77.400000,955.359974,212.581684,3121.772139,9.000007,-7.999979,-22.169538,0.364417,-0.763346,-0.392312,-0.361342,-0.119462,-0.366804,0.000000,-0.000002,-0.000006,0.031476,-0.000000,-0.000000,0.000000,-0.000058,-0.000184,196.986228,-0.000000,-0.000000,0.000000,69029.659090,0.801591,0.000018,347.220687,9.000000,-8.000000,25.228718,0.031476,12.041586,-61.491001,32.992165,-106.959180,12.041586,-71.957625,196.986228,0.000193,-196.986228,0.491095,6365.373045,612282.534944,618647.907990,-0.000000,4969.709935
78.000000,960.759977,207.781693,3108.476022,9.000006,-7.999982,-22.150674,0.364417,-0.763346,-0.392312,-0.361342,-0.119462,-0.366804,0.000000,-0.000002,-0.000005,0.031414,-0.000000,-0.000000,0.000000,-0.000051,-0.000160,196.984863,-0.000000,-0.000000,0.000000,69146.800955,0.802951,0.000018,347.220687,9.000000,-8.000000,25.212144,0.031414,12.041587,-61.470538,32.992122,-106.959090,12.041587,-71.957625,196.984863,0.000168,-196.984863,0.491095,6357.013003,609674.727548,616031.740551,-0.000000,4966.410684
78.600000,966.159980,202.981701,3095.191213,9.000005,-7.999984,-22.131850,0.364417,-0.763346,-0.392312,-0.361342,-0.119462,-0.366804,0.000000,-0.000001,-0.000005,0.031352,0.000000,0.000000,0.000000,-0.000045,-0.000141,196.983520,0.000000,0.000000,0.000000,69264.003895,0.804312,0.000018,347.220687,9.000000,-8.000000,25.195607,0.031352,12.041588,-61.450091,32.992079,-106.959001,12.041588,-71.957625,196.983520,0.000148,-196.983520,0.491095,6348.677397,607069.138177,613417.815574,0.000000,4963.119428
79.200000,971.559982,198.181707,3081.917692,9.000004,-7.999986,-22.113065,0.364417,-0.763346,-0.392312,-0.361342,-0.119462,-0.366804,0.000000,-0.000001,-0.000004,0.031290,0.000000,0.000000,0.000000,-0.000040,-0.000126,196.982195,0.000000,0.000000,0.000000,69381.267854,0.805674,0.000018,347.220687,9.000000,-8.000000,25.179108,0.031290,12.041589,-61.429660,32.992036,-106.958911,12.041589,-71.957625,196.982195,0.000132,-196.982195,0.491095,6340.366051,604465.762676,610806.128727,0.000000,4959.836018
79.800000,976.959983,193.381712,3068.655437,9.000004,-7.999987,-22.094318,0.364417,-0.763346,-0.392312,-0.361342,-0.119462,-0.366804,0.000000,-0.000001,-0.000004,0.031229,0.000000,0.000000,0.000000,-0.000036,-0.000114,196.980878,0.000000,0.000000,0.000000,69498.592785,0.807036,0.000018,347.220687,9.000000,-8.000000,25.162646,0.031229,12.041589,-61.409245,32.991992,-106.958822,12.041589,-71.957625,196.980879,0.000120,-196.980878,0.491095,6332.078647,601864.596788,608196.675435,0.000000,4956.560108
80.400000,982.359984,188.581715,3055.404426,9.000004,-7.999988,-22.075609,0.364417,-0.763346,-0.392312,-0.361342,-0.119462,-0.366804,0.000000,-0.000001,-0.000003,0.031168,0.000000,0.000000,0.000000,-0.000033,-0.000105,196.979561,0.000000,0.000000,0.000000,69615.978640,0.808399,0.000018,347.220687,9.000000,-8.000000,25.146220,0.031168,12.041590,-61.388843,32.991949,-106.958732,12.041590,-71.957625,196.979561,0.000110,-196.979561,0.491095,6323.814864,599265.636252,605589.451116,0.000000,4953.291344
81.000000,987.759985,183.781719,3042.164637,9.000003,-7.999989,-22.056936,0.364417,-0.763346,-0.392312,-0.361342,-0.119462,-0.366804,0.000000,-0.000001,-0.000003,0.031107,0.000000,0.000000,0.000000,-0.000031,-0.000097,196.978232,0.000000,0.000000,0.000000,69733.425369,0.809763,0.000018,347.220687,9.000000,-8.000000,25.129829,0.031107,12.041590,-61.368456,32.991906,-106.958643,12.041590,-71.957625,196.978232,0.000102,-196.978232,0.491095,6315.574378,596668.876809,602984.451187,0.000000,4950.029374
81.600000,993.159986,178.981721,3028.936049,9.000003,-7.999990,-22.038300,0.364417,-0.763346,-0.392312,-0.361342,-0.119462,-0.366804,0.000000,-0.000001,-0.000003,0.031045,-0.000000,-0.000000,0.000000,-0.000029,-0.000091,196.976883,-0.000000,-0.000000,0.000000,69850.932926,0.811127,0.000018,347.220687,9.000000,-8.000000,25.113474,0.031045,12.041590,-61.348082,32.991863,-106.958554,12.041590,-71.957625,196.976883,0.000095,-196.976883,0.491095,6307.356872,594074.314191,600381.671063,-0.000000,4946.773849
82.200000,998.559987,174.181724,3015.718638,9.000003,-7.999991,-22.019701,0.364417,-0.763346,-0.392312,-0.361342,-0.119462,-0.366804,0.000000,-0.000001,-0.000003,0.030982,-0.000000,-0.000000,0.000000,-0.000027,-0.000085,196.975521,-0.000000,-0.000000,0.000000,69968.501286,0.812493,0.000018,347.220687,9.000000,-8.000000,25.097154,0.030982,12.041591,-61.327721,32.991820,-106.958464,12.041591,-71.957625,196.975520,0.000089,-196.975521,0.491095,6299.162399,591481.943641,597781.106040,-0.000000,4943.524953
82.800000,1003.959988,169.381726,3002.512374,9.000003,-7.999991,-22.001140,0.364417,-0.763346,-0.392312,-0.361342,-0.119462,-0.366804,0.000000,-0.000001,-0.000002,0.030921,-0.000000,-0.000000,0.000000,-0.000025,-0.000079,196.974176,-0.000000,-0.000000,0.000000,70086.130467,0.813859,0.000018,347.220687,9.000000,-8.000000,25.080870,0.030921,12.041591,-61.307376,32.991777,-106.958375,12.041591,-71.957625,196.974175,0.000083,-196.974176,0.491095,6290.991657,588891.759544,595182.751201,-0.000000,4940.283784
83.400000,1009.359988,164.581728,2989.317230,9.000003,-7.999992,-21.982618,0.364417,-0.763346,-0.392312,-0.361342,-0.119462,-0.366804,0.000000,-0.000001,-0.000002,0.030861,-0.000000,-0.000000,0.000000,-0.000023,-0.000073,196.972885,-0.000000,-0.000000,0.000000,70203.820489,0.815225,0.000018,347.220687,9.000000,-8.000000,25.064625,0.030861,12.041591,-61.287049,32.991733,-106.958285,12.041591,-71.957625,196.972883,0.000076,-196.972885,0.491095,6282.845409,586303.756200,592586.601608,-0.000000,4937.051536
84.000000,1014.759989,159.781731,2976.133174,9.000002,-7.999993,-21.964139,0.364417,-0.763346,-0.392312,-0.361342,-0.119462,-0.366804,0.000000,-0.000001,-0.000002,0.030804,-0.000000,-0.000000,0.000000,-0.000021,-0.000067,196.971683,-0.000000,-0.000000,0.000000,70321.571375,0.816593,0.000018,347.220687,9.000000,-8.000000,25.048420,0.030804,12.041591,-61.266741,32.991690,-106.958196,12.041591,-71.957625,196.971681,0.000070,-196.971683,0.491095,6274.724416,583717.927909,589992.652325,-0.000000,4933.829400
84.600000,1020.159990,154.981733,2962.960180,9.000002,-7.999993,-21.945704,0.364417,-0.763346,-0.392312,-0.361342,-0.119462,-0.366804,0.000000,-0.000001,-0.000002,0.030751,0.000000,0.000000,0.000000,-0.000019,-0.000061,196.970604,0.000000,0.000000,0.000000,70439.383146,0.817961,0.000018,347.220687,9.000000,-8.000000,25.032256,0.030751,12.041592,-61.246455,32.991647,-106.958107,12.041592,-71.957625,196.970604,0.000064,-196.970604,0.491095,6266.629442,581134.268971,587400.898413,0.000000,4930.618568
85.200000,1025.559991,150.181735,2949.798219,9.000002,-7.999994,-21.927313,0.364417,-0.763346,-0.392312,-0.361342,-0.119462,-0.366804,0.000000,-0.000001,-0.000002,0.030702,0.000000,0.000000,0.000000,-0.000017,-0.000055,196.969673,0.000000,0.000000,0.000000,70557.255802,0.819329,0.000018,347.220687,9.000000,-8.000000,25.016135,0.030702,12.041592,-61.226193,32.991604,-106.958017,12.041592,-71.957625,196.969676,0.000057,-196.969673,0.491095,6258.560968,578552.774167,584811.335135,0.000000,4927.419836
85.800000,1030.959991,145.381738,2936.647276,9.000002,-7.999995,-21.908966,0.364417,-0.763346,-0.392312,-0.361342,-0.119462,-0.366804,0.000000,-0.000000,-0.000002,0.030658,0.000000,0.000000,0.000000,-0.000015,-0.000048,196.968868,0.000000,0.000000,0.000000,70675.189260,0.820699,0.000018,347.220687,9.000000,-8.000000,25.000055,0.030658,12.041592,-61.205952,32.991561,-106.957928,12.041592,-71.957625,196.968875,0.000050,-196.968868,0.491095,6250.518371,575973.440171,582223.958541,0.000000,4924.232432
86.400000,1036.359992,140.581741,2923.507335,9.000001,-7.999995,-21.890661,0.364417,-0.763346,-0.392312,-0.361342,-0.119462,-0.366804,0.000000,-0.000000,-0.000001,0.030617,0.000000,0.000000,0.000000,-0.000013,-0.000042,196.968157,0.000000,0.000000,0.000000,70793.183416,0.822069,0.000018,347.220687,9.000000,-8.000000,24.984014,0.030617,12.041593,-61.185732,32.991518,-106.957838,12.041593,-71.957625,196.968167,0.000043,-196.968157,0.491095,6242.500754,573396.264124,579638.764878,0.000000,4921.055199
87.000000,1041.759993,135.781743,2910.378382,9.000001,-7.999996,-21.872395,0.364417,-0.763346,-0.392312,-0.361342,-0.119462,-0.366804,0.000000,-0.000000,-0.000001,0.030577,0.000000,0.000000,0.000000,-0.000011,-0.000035,196.967506,0.000000,0.000000,0.000000,70911.238166,0.823440,0.000018,347.220687,9.000000,-8.000000,24.968012,0.030577,12.041593,-61.165529,32.991474,-106.957749,12.041593,-71.957625,196.967519,0.000036,-196.967506,0.491095,6234.507221,570821.243170,577055.750391,0.000000,4917.886978
87.600000,1047.159994,130.981745,2897.260402,9.000001,-7.999997,-21.854167,0.364417,-0.763346,-0.392312,-0.361342,-0.119462,-0.366804,0.000000,-0.000000,-0.000001,0.030539,0.000000,0.000000,0.000000,-0.000009,-0.000029,196.966883,0.000000,0.000000,0.000000,71029.353407,0.824812,0.000018,347.220687,9.000000,-8.000000,24.952046,0.030539,12.041593,-61.145343,32.991431,-106.957659,12.041593,-71.957625,196.966898,0.000029,-196.966883,0.491095,6226.536876,568248.374450,574474.911326,0.000000,4914.726611
88.200000,1052.559995,126.181748,2884.153381,9.000001,-7.999997,-21.835975,0.364417,-0.763346,-0.392312,-0.361342,-0.119462,-0.366804,0.000000,-0.000000,-0.000001,0.030501,0.000000,0.000000,0.000000,-0.000007,-0.000023,196.966255,0.000000,0.000000,0.000000,71147.529035,0.826184,0.000018,347.220687,9.000000,-8.000000,24.936114,0.030501,12.041593,-61.125170,32.991388,-106.957570,12.041593,-71.957625,196.966272,0.000023,-196.966255,0.491095,6218.588820,565677.655108,571896.243928,0.000000,4911.572941
88.800000,1057.959995,121.381750,2871.057304,9.000001,-7.999998,-21.817817,0.364417,-0.763346,-0.392312,-0.361342,-0.119462,-0.366804,0.000000,-0.000000,-0.000001,0.030461,0.000000,0.000000,0.000000,-0.000006,-0.000018,196.965590,0.000000,0.000000,0.000000,71265.764946,0.827557,0.000018,347.220687,9.000000,-8.000000,24.920215,0.030461,12.041594,-61.105009,32.991345,-106.957481,12.041594,-71.957625,196.965605,0.000017,-196.965590,0.491095,6210.662159,563109.082285,569319.744444,0.000000,4908.424809
89.400000,1063.359996,116.581752,2857.972157,9.000000,-7.999999,-21.799691,0.364417,-0.763346,-0.392312,-0.361342,-0.119462,-0.366804,0.000000,-0.000000,-0.000000,0.030419,0.000000,0.000000,0.000000,-0.000004,-0.000012,196.964855,0.000000,0.000000,0.000000,71384.061035,0.828930,0.000018,347.220687,9.000000,-8.000000,24.904347,0.030419,12.041594,-61.084857,32.991302,-106.957391,12.041594,-71.957625,196.964866,0.000012,-196.964855,0.491095,6202.755994,560542.653124,566745.409118,0.000000,4905.281058
90.000000,1068.759996,111.781754,2844.897925,9.000000,-7.999999,-21.781594,0.364417,-0.763346,-0.392312,-0.361342,-0.119462,-0.366804,0.000000,-0.000000,-0.000000,0.030374,0.000000,0.000000,0.000000,-0.000002,-0.000008,196.964017,0.000000,0.000000,0.000000,71502.417200,0.830305,0.000018,347.220687,9.000000,-8.000000,24.888508,0.030374,12.041594,-61.064714,32.991259,-106.957302,12.041594,-71.957625,196.964021,0.000008,-196.964017,0.491095,6194.869431,557978.364767,564173.234197,0.000000,4902.140528
90.600000,1074.159997,106.981755,2831.834592,9.000000,-8.000000,-21.763525,0.364417,-0.763346,-0.392312,-0.361342,-0.119462,-0.366804,0.000000,-0.000000,-0.000000,0.030325,-0.000000,-0.000000,0.000000,-0.000001,-0.000004,196.963036,-0.000000,-0.000000,0.000000,71620.833353,0.831680,0.000018,347.220687,9.000000,-8.000000,24.872696,0.030325,12.041594,-61.044575,32.991215,-106.957212,12.041594,-71.957625,196.963030,0.000004,-196.963036,0.491095,6187.001394,555416.214004,561603.215398,-0.000000,4899.001798
91.200000,1079.559997,102.181757,2818.782107,9.000000,-8.000000,-21.745474,0.364417,-0.763346,-0.392312,-0.361342,-0.119462,-0.366804,0.000000,-0.000000,-0.000000,0.030265,-0.000000,-0.000000,0.000000,-0.000000,-0.000001,196.961721,-0.000000,-0.000000,0.000000,71739.309719,0.833056,0.000018,347.220687,9.000000,-8.000000,24.856903,0.030265,12.041595,-61.024431,32.991172,-106.957123,12.041595,-71.957625,196.961710,0.000002,-196.961721,0.491095,6179.147455,552856.190947,559035.338403,-0.000000,4895.858414
91.800000,1084.959998,97.381757,2805.740389,9.000000,-8.000000,-21.727423,0.364417,-0.763346,-0.392312,-0.361342,-0.119462,-0.366804,0.000000,0.000000,0.000000,0.030184,0.000000,0.000000,0.000000,0.000000,0.000001,196.959749,0.000000,0.000000,0.000000,71857.846801,0.834432,0.000018,347.220687,9.000000,-8.000000,24.841113,0.030184,12.041595,-61.004262,32.991129,-106.957034,12.041595,-71.957625,196.959754,0.000001,-196.959749,0.491095,6171.300202,550298.279751,556469.579952,0.000000,4892.699452
92.400000,1090.359998,92.581757,2792.709390,9.000000,-8.000000,-21.709368,0.364417,-0.763346,-0.392312,-0.361342,-0.119462,-0.366804,0.000000,0.000000,0.000000,0.030081,0.000000,0.000000,0.000000,0.000000,0.000001,196.957047,0.000000,0.000000,0.000000,71976.444816,0.835809,0.000018,347.220687,9.000000,-8.000000,24.825323,0.030081,12.041595,-60.984062,32.991086,-106.956944,12.041595,-71.957625,196.957082,0.000001,-196.957047,0.491095,6163.457647,547742.470752,553905.928399,0.000000,4889.522318
93.000000,1095.759997,87.781757,2779.689137,9.000000,-8.000000,-21.691334,0.364417,-0.763346,-0.392312,-0.361342,-0.119462,-0.366804,0.000000,0.000000,0.000000,0.029971,0.000000,0.000000,0.000000,0.000000,0.000001,196.954147,0.000000,0.000000,0.000000,72095.103275,0.837187,0.000018,347.220687,9.000000,-8.000000,24.809554,0.029971,12.041595,-60.963861,32.991043,-106.956855,12.041595,-71.957625,196.954162,0.000001,-196.954147,0.491095,6155.630976,545188.769502,551344.400478,0.000000,4886.344625
93.600000,1101.159997,82.981757,2766.679665,9.000000,-8.000000,-21.673350,0.364417,-0.763346,-0.392312,-0.361342,-0.119462,-0.366804,0.000000,0.000000,0.000000,0.029873,-0.000000,-0.000000,0.000000,0.000000,0.000000,196.951590,-0.000000,-0.000000,0.000000,72213.821637,0.838566,0.000018,347.220687,9.000000,-8.000000,24.793832,0.029873,12.041595,-60.943690,32.991000,-106.956765,12.041595,-71.957625,196.951494,0.000001,-196.951590,0.491095,6147.832149,542637.182735,548785.014884,-0.000000,4883.184563
94.200000,1106.559997,78.181757,2753.680971,9.000000,-8.000000,-21.655424,0.364417,-0.763346,-0.392312,-0.361342,-0.119462,-0.366804,0.000000,0.000000,0.000000,0.029784,-0.000000,-0.000000,0.000000,0.000000,0.000000,196.949366,-0.000000,-0.000000,0.000000,72332.599697,0.839945,0.000018,347.220687,9.000000,-8.000000,24.778164,0.029784,12.041595,-60.923558,32.990956,-106.956676,12.041595,-71.957625,196.949244,0.000000,-196.949366,0.491095,6140.065038,540087.709850,546227.774888,-0.000000,4880.043543
94.800000,1111.959997,73.381757,2740.693035,9.000000,-8.000000,-21.637557,0.364417,-0.763346,-0.392312,-0.361342,-0.119462,-0.366804,0.000000,0.000000,0.000000,0.029700,0.000000,0.000000,0.000000,0.000000,0.000000,196.947251,0.000000,0.000000,0.000000,72451.437403,0.841325,0.000018,347.220687,9.000000,-8.000000,24.762550,0.029700,12.041595,-60.903468,32.990913,-106.956586,12.041595,-71.957625,196.947432,0.000000,-196.947251,0.491095,6132.329931,537540.346996,543672.676926,0.000000,4876.916270
95.400000,1117.359997,68.581757,2727.715827,9.000000,-8.000000,-21.619745,0.364417,-0.763346,-0.392312,-0.361342,-0.119462,-0.366804,0.000000,0.000000,0.000000,0.029636,0.000000,0.000000,0.000000,0.000000,0.000000,196.945775,0.000000,0.000000,0.000000,72570.334794,0.842706,0.000018,347.220687,9.000000,-8.000000,24.746987,0.029636,12.041595,-60.883414,32.990870,-106.956497,12.041595,-71.957625,196.945979,0.000000,-196.945775,0.491095,6124.624855,534995.088368,541119.713223,0.000000,4873.814712
96.000000,1122.759997,63.781757,2714.749308,9.000000,-8.000000,-21.601978,0.364417,-0.763346,-0.392312,-0.361342,-0.119462,-0.366804,0.000000,0.000000,0.000000,0.029616,-0.000000,-0.000000,0.000000,0.000000,0.000000,196.945747,-0.000000,-0.000000,0.000000,72689.292008,0.844087,0.000018,347.220687,9.000000,-8.000000,24.731466,0.029616,12.041595,-60.863385,32.990827,-106.956408,12.041595,-71.957625,196.944708,0.000000,-196.945747,0.491095,6116.945426,532451.926085,538568.871510,-0.000000,4870.756471
96.600000,1128.159997,58.981757,2701.793444,9.000000,-8.000000,-21.584247,0.364417,-0.763346,-0.392312,-0.361342,-0.119462,-0.366804,0.000000,0.000000,0.000000,0.029516,0.000000,0.000000,0.000000,0.000000,0.000000,196.943110,0.000000,0.000000,0.000000,72808.309128,0.845469,0.000018,347.220687,9.000000,-8.000000,24.715981,0.029516,12.041595,-60.843373,32.990784,-106.956318,12.041595,-71.957625,196.943488,0.000000,-196.943110,0.491095,6109.288494,529910.853468,536020.141961,0.000000,4867.642504
97.200000,1133.559997,54.181757,2688.848205,9.000000,-8.000000,-21.566550,0.364417,-0.763346,-0.392312,-0.361342,-0.119462,-0.366804,0.000000,0.000000,0.000000,0.029336,0.000000,0.000000,0.000000,0.000000,0.000000,196.937850,0.000000,0.000000,0.000000,72927.386182,0.846852,0.000018,347.220687,9.000000,-8.000000,24.700528,0.029336,12.041595,-60.823373,32.990741,-106.956229,12.041595,-71.957625,196.942242,0.000000,-196.937850,0.491095,6101.652087,527371.865003,533473.517090,0.000000,4864.471599
97.800000,1138.959997,49.381757,2675.913573,9.000000,-8.000000,-21.548886,0.364417,-0.763346,-0.392312,-0.361342,-0.119462,-0.366804,0.000000,0.000000,0.000000,0.029652,-0.000000,-0.000000,0.000000,0.000000,0.000000,196.948790,-0.000000,-0.000000,0.000000,73046.523129,0.848235,0.000018,347.220687,9.000000,-8.000000,24.685106,0.029652,12.041595,-60.803385,32.990697,-106.956139,12.041595,-71.957625,196.940954,0.000000,-196.948790,0.491095,6094.035811,524834.956751,530928.992562,-0.000000,4861.697167
98.400000,1144.359997,44.581757,2662.989527,9.000000,-8.000000,-21.531255,0.364417,-0.763346,-0.392312,-0.361342,-0.119462,-0.366804,0.000000,0.000000,0.000000,0.029718,-0.000000,-0.000000,0.000000,0.000000,0.000000,196.951531,-0.000000,-0.000000,0.000000,73165.719919,0.849620,0.000018,347.220687,9.000000,-8.000000,24.669717,0.029718,12.041595,-60.783410,32.990654,-106.956050,12.041595,-71.957625,196.939667,0.000000,-196.951531,0.491095,6086.440573,522300.124895,528386.565469,-0.000000,4858.731746
99.000000,1149.759997,39.781757,2650.076048,9.000000,-8.000000,-21.513663,0.364417,-0.763346,-0.392312,-0.361342,-0.119462,-0.366804,0.000000,0.000000,0.000000,0.027725,0.000000,0.000000,0.000000,0.000000,0.000000,196.887063,0.000000,0.000000,0.000000,73284.976513,0.851004,0.000018,347.220687,9.000000,-8.000000,24.654364,0.027725,12.041595,-60.763455,32.990611,-106.955961,12.041595,-71.957625,196.938456,0.000000,-196.887063,0.491095,6078.867949,519767.365450,525846.233399,0.000000,4854.154249
99.600000,1155.159997,34.981757,2637.173117,9.000000,-8.000000,-21.496099,0.364417,-0.763346,-0.392312,-0.361342,-0.119462,-0.366804,0.000000,0.000000,0.000000,0.029462,-0.000000,-0.000000,0.000000,0.000000,0.000000,196.944396,-0.000000,-0.000000,0.000000,73404.292842,0.852390,0.000018,347.220687,9.000000,-8.000000,24.639039,0.029462,12.041595,-60.743505,32.990568,-106.955871,12.041595,-71.957625,196.937129,0.000000,-196.944396,0.491095,6071.313609,517236.675035,523307.988644,-0.000000,4852.516712
100.200000,1160.559997,30.181757,2624.280716,9.000000,-8.000000,-21.478560,0.364417,-0.763346,-0.392312,-0.361342,-0.119462,-0.366804,0.000000,0.000000,0.000000,0.036215,-0.000000,-0.000000,0.000000,0.000000,0.000000,197.165607,-0.000000,-0.000000,0.000000,73523.668864,0.853776,0.000018,347.220687,9.000000,-8.000000,24.623739,0.036215,12.041595,-60.723560,32.990525,-106.955782,12.041595,-71.957625,196.935642,0.000000,-197.165607,0.491095,6063.776485,514708.049730,520771.826214,-0.000000,4854.832485
100.800000,1165.959997,25.381757,2611.398808,9.000000,-8.000000,-21.461100,0.364417,-0.763346,-0.392312,-0.361342,-0.119462,-0.366804,0.000000,0.000000,0.000000,0.017763,0.000000,0.000000,0.000000,0.000000,0.000000,196.563437,0.000000,0.000000,0.000000,73643.104689,0.855163,0.000018,347.220687,9.000000,-8.000000,24.608511,0.017763,12.041595,-60.703683,32.990482,-106.955692,12.041595,-71.957625,196.935011,0.000000,-196.563437,0.491095,6056.279139,512181.482442,518237.761581,0.000000,4837.324980
101.400000,1171.359997,20.581757,2598.527363,9.000000,-8.000000,-21.443742,0.364417,-0.763346,-0.392312,-0.361342,-0.119462,-0.366804,0.000000,0.000000,0.000000,-0.038138,0.000000,0.000000,0.000000,0.000000,0.000000,194.737939,0.000000,0.000000,0.000000,73762.600371,0.856551,0.000018,347.220687,9.000000,-8.000000,24.593374,-0.038138,12.041595,-60.683899,32.990438,-106.955603,12.041595,-71.957625,196.935647,0.000000,-194.737939,0.491095,6048.830676,509656.967241,515705.797917,0.000000,4790.362045
102.000000,1176.759997,15.781757,2585.666364,9.000000,-8.000000,-21.426440,0.364417,-0.763346,-0.392312,-0.361342,-0.119462,-0.366804,0.000000,0.000000,0.000000,-0.106039,0.000000,0.000000,0.000000,0.000000,0.000000,192.520417,0.000000,0.000000,0.000000,73882.155833,0.857939,0.000018,347.220687,9.000000,-8.000000,24.578289,-0.106039,12.041595,-60.664155,32.990395,-106.955513,12.041595,-71.957625,196.936697,0.000000,-192.520417,0.491095,6041.411970,507134.501009,513175.912979,0.000000,4733.964328
102.600000,1182.159997,10.981757,2572.815798,9.000000,-8.000000,-21.409142,0.364417,-0.763346,-0.392312,-0.361342,-0.119462,-0.366804,0.000000,0.000000,0.000000,-0.157411,0.000000,0.000000,0.000000,0.000000,0.000000,190.842835,0.000000,0.000000,0.000000,74001.770988,0.859328,0.000018,347.220687,9.000000,-8.000000,24.563210,-0.157411,12.041595,-60.644390,32.990352,-106.955424,12.041595,-71.957625,196.937203,0.000000,-190.842835,0.491095,6034.001586,504614.080862,510648.082448,0.000000,4690.576722
103.200000,1187.559997,6.181757,2559.975649,9.000000,-8.000000,-21.391798,0.364417,-0.763346,-0.392312,-0.361342,-0.119462,-0.366804,0.000000,0.000000,0.000000,-0.163725,0.000000,0.000000,0.000000,0.000000,0.000000,190.637159,0.000000,0.000000,0.000000,74121.445749,0.860718,0.000018,347.220687,9.000000,-8.000000,24.548094,-0.163725,12.041595,-60.624545,32.990309,-106.955335,12.041595,-71.957625,196.936209,0.000000,-190.637159,0.491095,6026.578090,502095.703913,508122.282003,0.000000,4682.644123
103.800000,1192.959997,1.381757,2547.145902,9.000000,-8.000000,-21.374356,0.364417,-0.763346,-0.392312,-0.361342,-0.119462,-0.366804,0.000000,0.000000,0.000000,-0.096452,0.000000,0.000000,0.000000,0.000000,0.000000,192.835353,0.000000,0.000000,0.000000,74241.180028,0.862108,0.000018,347.220687,9.000000,-8.000000,24.532897,-0.096452,12.041595,-60.604558,32.990266,-106.955245,12.041595,-71.957625,196.932757,0.000000,-192.835353,0.491095,6019.120046,499579.367278,505598.487325,0.000000,4732.611423
104.400000,1198.359997,-3.418243,2534.326544,9.000000,-8.000000,-21.356766,0.364417,-0.763346,-0.392312,-0.361342,-0.119462,-0.366804,0.000000,0.000000,0.000000,0.072765,-0.000000,-0.000000,0.000000,0.000000,0.000000,198.363790,-0.000000,-0.000000,0.000000,74360.973738,0.863499,0.000018,347.220687,9.000000,-8.000000,24.517574,0.072765,12.041595,-60.584370,32.990223,-106.955156,12.041595,-71.957625,196.925898,0.000000,-198.363790,0.491095,6011.606150,497065.068069,503076.674219,-0.000000,4862.788791
105.000000,1203.759997,-8.218243,2521.517557,9.000000,-8.000000,-21.339038,0.364417,-0.763346,-0.392312,-0.361342,-0.119462,-0.366804,0.000000,0.000000,0.000000,0.337550,-0.000000,-0.000000,0.000000,0.000000,0.000000,207.014121,-0.000000,-0.000000,0.000000,74480.826809,0.864891,0.000018,347.220687,9.000000,-8.000000,24.502136,0.337550,12.041595,-60.563994,32.990179,-106.955066,12.041595,-71.957625,196.915846,0.000000,-207.014121,0.491095,6004.041153,494552.803053,500556.844206,-0.000000,5068.158500
105.600000,1209.159997,-13.018243,2508.718922,9.000000,-8.000000,-21.321323,0.364417,-0.763346,-0.392312,-0.361342,-0.119462,-0.366804,0.000000,0.000000,0.000000,0.614780,-0.000000,-0.000000,0.000000,0.000000,0.000000,216.071009,-0.000000,-0.000000,0.000000,74600.739210,0.866283,0.000018,347.220687,9.000000,-8.000000,24.486711,0.614780,12.041595,-60.543607,32.990136,-106.954977,12.041595,-71.957625,196.905398,0.000000,-216.071009,0.491095,5996.487379,492042.568238,498039.055617,-0.000000,5283.325998
106.200000,1214.559997,-17.818243,2495.930616,9.000000,-8.000000,-21.303787,0.364417,-0.763346,-0.392312,-0.361342,-0.119462,-0.366804,0.000000,0.000000,0.000000,0.811067,-0.000000,-0.000000,0.000000,0.000000,0.000000,222.483706,-0.000000,-0.000000,0.000000,74720.710913,0.867677,0.000018,347.220687,9.000000,-8.000000,24.471444,0.811067,12.041595,-60.523407,32.990093,-106.954888,12.041595,-71.957625,196.897694,0.000000,-222.483706,0.491095,5989.014855,489534.359527,495523.374383,-0.000000,5434.818827
106.800000,1219.959997,-22.618243,2483.152620,9.000000,-8.000000,-21.286597,0.364417,-0.763346,-0.392312,-0.361342,-0.119462,-0.366804,0.000000,0.000000,0.000000,0.833021,-0.000000,-0.000000,0.000000,0.000000,0.000000,223.201459,-0.000000,-0.000000,0.000000,74840.741892,0.869070,0.000018,347.220687,9.000000,-8.000000,24.456481,0.833021,12.041595,-60.503592,32.990050,-106.954798,12.041595,-71.957625,196.895876,0.000000,-223.201459,0.491095,5981.693610,487028.172825,493009.866435,-0.000000,5449.164526
107.400000,1225.359997,-27.418243,2470.384912,9.000000,-8.000000,-21.269922,0.364417,-0.763346,-0.392312,-0.361342,-0.119462,-0.366804,0.000000,0.000000,0.000000,0.587253,-0.000000,-0.000000,0.000000,0.000000,0.000000,215.173520,-0.000000,-0.000000,0.000000,74960.832122,0.870465,0.000018,347.220687,9.000000,-8.000000,24.441967,0.587253,12.041595,-60.484360,32.990007,-106.954709,12.041595,-71.957625,196.903083,0.000000,-215.173520,0.491095,5974.593669,484524.004036,490498.597705,-0.000000,5252.890637
108.000000,1230.759997,-32.218243,2457.627473,9.000000,-8.000000,-21.253928,0.364417,-0.763346,-0.392312,-0.361342,-0.119462,-0.366804,0.000000,0.000000,0.000000,-0.019611,0.000000,0.000000,0.000000,0.000000,0.000000,195.349647,0.000000,0.000000,0.000000,75080.981575,0.871860,0.000018,347.220687,9.000000,-8.000000,24.428046,-0.019611,12.041595,-60.465909,32.989964,-106.954619,12.041595,-71.957625,196.922457,0.000000,-195.349647,0.491095,5967.785048,482021.849064,487989.634112,0.000000,4772.536972
108.600000,1236.159997,-37.018243,2444.880280,9.000000,-8.000000,-21.238627,0.364417,-0.763346,-0.392312,-0.361342,-0.119462,-0.366804,0.000000,0.000000,0.000000,-0.994036,0.000000,0.000000,0.000000,0.000000,0.000000,163.518614,0.000000,0.000000,0.000000,75201.190222,0.873256,0.000018,347.220687,9.000000,-8.000000,24.414729,-0.994036,12.041595,-60.448254,32.989920,-106.954530,12.041595,-71.957625,196.954218,0.000000,-163.518614,0.491095,5961.272583,479521.703875,485482.976458,0.000000,4003.016457
109.200000,1241.559997,-41.818243,2432.143314,9.000000,-8.000000,-21.223510,0.364417,-0.763346,-0.392312,-0.361342,-0.119462,-0.366804,0.000000,0.000000,0.000000,-2.051730,0.000000,0.000000,0.000000,0.000000,0.000000,128.967427,0.000000,0.000000,0.000000,75321.458030,0.874653,0.000018,347.220687,9.000000,-8.000000,24.401575,-2.051730,12.041595,-60.430791,32.989877,-106.954440,12.041595,-71.957625,196.988815,0.000000,-128.967427,0.491095,5954.843047,477023.564640,482978.407687,0.000000,3167.991919
109.800000,1246.959997,-46.618243,2419.416557,9.000000,-8.000000,-21.207959,0.364417,-0.763346,-0.392312,-0.361342,-0.119462,-0.366804,0.000000,0.000000,0.000000,-2.847665,0.000000,0.000000,0.000000,0.000000,0.000000,102.967140,0.000000,0.000000,0.000000,75441.784959,0.876050,0.000018,347.220687,9.000000,-8.000000,24.388046,-2.847665,12.041595,-60.412790,32.989834,-106.954351,12.041595,-71.957625,197.014659,0.000000,-102.967140,0.491095,5948.237664,474527.427571,480475.665234,0.000000,2538.908717
110.400000,1252.359997,-51.418243,2406.699989,9.000000,-8.000000,-21.191355,0.364417,-0.763346,-0.392312,-0.361342,-0.119462,-0.366804,0.000000,0.000000,0.000000,-3.036813,0.000000,0.000000,0.000000,0.000000,0.000000,96.788803,0.000000,0.000000,0.000000,75562.170973,0.877448,0.000018,347.220687,9.000000,-8.000000,24.373609,-3.036813,12.041595,-60.393519,32.989791,-106.954262,12.041595,-71.957625,197.020160,0.000000,-96.788803,0.491095,5941.197654,472033.288882,477974.486536,0.000000,2387.212210
111.000000,1257.759997,-56.218243,2393.993590,9.000000,-8.000000,-21.173080,0.364417,-0.763346,-0.392312,-0.361342,-0.119462,-0.366804,0.000000,0.000000,0.000000,-2.274146,0.000000,0.000000,0.000000,0.000000,0.000000,121.703468,0.000000,0.000000,0.000000,75682.616036,0.878846,0.000018,347.220687,9.000000,-8.000000,24.357726,-2.274146,12.041595,-60.372245,32.989748,-106.954172,12.041595,-71.957625,196.993728,0.000000,-121.703468,0.491095,5933.464241,469541.144785,475474.609027,0.000000,2984.347758
111.600000,1263.159997,-61.018243,2381.297342,9.000000,-8.000000,-21.152516,0.364417,-0.763346,-0.392312,-0.361342,-0.119462,-0.366804,0.000000,0.000000,0.000000,-0.214636,0.000000,0.000000,0.000000,0.000000,0.000000,188.982188,0.000000,0.000000,0.000000,75803.120109,0.880246,0.000018,347.220687,9.000000,-8.000000,24.339862,-0.214636,12.041595,-60.348239,32.989705,-106.954083,12.041595,-71.957625,196.923772,0.000000,-188.982188,0.491095,5924.778647,467050.991496,472975.770143,0.000000,4601.760721
112.200000,1268.559997,-65.818243,2368.611225,9.000000,-8.000000,-21.129424,0.364417,-0.763346,-0.392312,-0.361342,-0.119462,-0.366804,0.000000,0.000000,0.000000,3.275845,-0.000000,-0.000000,0.000000,0.000000,0.000000,303.006531,-0.000000,-0.000000,0.000000,75923.683152,0.881646,0.000018,347.220687,9.000000,-8.000000,24.319810,3.275845,12.041595,-60.321216,32.989661,-106.953993,12.041595,-71.957625,196.805791,0.000000,-303.006531,0.491095,5915.040292,464562.825305,470477.865596,-0.000000,7344.974273
112.800000,1273.959997,-70.618243,2355.935222,9.000000,-8.000000,-21.105509,0.364417,-0.763346,-0.392312,-0.361342,-0.119462,-0.366804,0.000000,0.000000,0.000000,7.245052,-0.000000,-0.000000,0.000000,0.000000,0.000000,432.669413,-0.000000,-0.000000,0.000000,76044.305107,0.883046,0.000018,347.220687,9.000000,-8.000000,24.299047,7.245052,12.041595,-60.293195,32.989618,-106.953904,12.041595,-71.957625,196.671788,0.000000,-432.669413,0.491095,5904.963483,462076.642910,467981.606393,-0.000000,10464.823770
113.400000,1279.359997,-75.418243,2343.269318,9.000000,-8.000000,-21.083103,0.364417,-0.763346,-0.392312,-0.361342,-0.119462,-0.366804,0.000000,0.000000,0.000000,10.391933,-0.000000,-0.000000,0.000000,0.000000,0.000000,535.469353,-0.000000,-0.000000,0.000000,76164.985910,0.884448,0.000018,347.220687,9.000000,-8.000000,24.279595,10.391933,12.041595,-60.266936,32.989575,-106.953815,12.041595,-71.957625,196.565492,0.000000,-535.469353,0.491095,5895.524169,459592.441140,465487.965309,-0.000000,12937.728777
114.000000,1284.759997,-80.218243,2330.613496,9.000000,-8.000000,-21.064538,0.364417,-0.763346,-0.392312,-0.361342,-0.119462,-0.366804,0.000000,0.000000,0.000000,11.415277,-0.000000,-0.000000,0.000000,0.000000,0.000000,568.899568,-0.000000,-0.000000,0.000000,76285.725498,0.885850,0.000018,347.220687,9.000000,-8.000000,24.263476,11.415277,12.041595,-60.245199,32.989532,-106.953725,12.041595,-71.957625,196.530634,0.000000,-568.899568,0.491095,5887.698417,457110.216824,462997.915241,-0.000000,13739.981071
114.600000,1290.159997,-85.018243,2317.967740,9.000000,-8.000000,-21.052147,0.364417,-0.763346,-0.392312,-0.361342,-0.119462,-0.366804,0.000000,0.000000,0.000000,9.013872,-0.000000,-0.000000,0.000000,0.000000,0.000000,490.453272,-0.000000,-0.000000,0.000000,76406.523807,0.887253,0.000018,347.220687,9.000000,-8.000000,24.252710,9.013872,12.041595,-60.230743,32.989489,-106.953636,12.041595,-71.957625,196.610948,0.000000,-490.453272,0.491095,5882.462298,454629.966789,460512.429087,-0.000000,11847.872429
115.200000,1295.559997,-89.818243,2305.332034,9.000000,-8.000000,-21.048261,0.364417,-0.763346,-0.392312,-0.361342,-0.119462,-0.366804,0.000000,0.000000,0.000000,1.886505,-0.000000,-0.000000,0.000000,0.000000,0.000000,257.623681,-0.000000,-0.000000,0.000000,76527.380773,0.888656,0.000018,347.220687,9.000000,-8.000000,24.249319,1.886505,12.041595,-60.226329,32.989446,-106.953546,12.041595,-71.957625,196.850166,0.000000,-257.623681,0.491095,5880.791881,452151.687865,458032.479745,-0.000000,6237.694628
115.800000,1300.959997,-94.618243,2292.706334,9.000000,-8.000000,-21.048197,0.364417,-0.763346,-0.392312,-0.361342,-0.119462,-0.366804,0.000000,0.000000,0.000000,-7.364558,0.000000,0.000000,0.000000,0.000000,0.000000,-44.580861,0.000000,0.000000,0.000000,76648.296602,0.890060,0.000018,347.220687,9.000000,-8.000000,24.249245,-7.364558,12.041595,-60.226415,32.989402,-106.953457,12.041595,-71.957625,197.160488,0.000000,44.580861,0.491095,5880.727260,449675.371382,455556.098642,0.000000,-1043.264950
116.400000,1306.359997,-99.418243,2280.090412,9.000000,-8.000000,-21.001859,0.364417,-0.763346,-0.392312,-0.361342,-0.119462,-0.366804,0.000000,0.000000,0.000000,9.137342,-0.000000,-0.000000,0.000000,0.000000,0.000000,494.488363,-0.000000,-0.000000,0.000000,76769.273262,0.891465,0.000018,347.220687,9.000000,-8.000000,24.209063,9.137342,12.041595,-60.171717,32.989359,-106.953367,12.041595,-71.957625,196.602449,0.000000,-494.488363,0.491095,5861.298300,447200.972687,453062.270987,-0.000000,11936.493707
117.000000,1311.759997,-104.218243,2267.484775,9.000000,-8.000000,-20.977551,0.364417,-0.763346,-0.392312,-0.361342,-0.119462,-0.366804,0.000000,0.000000,0.000000,13.372444,-0.000000,-0.000000,0.000000,0.000000,0.000000,632.837271,-0.000000,-0.000000,0.000000,76890.305663,0.892870,0.000018,347.220687,9.000000,-8.000000,24.187980,13.372444,12.041595,-60.143066,32.989316,-106.953278,12.041595,-71.957625,196.456956,0.000000,-632.837271,0.491095,5851.096707,444728.591424,450579.688132,-0.000000,15265.550482
117.600000,1317.159997,-109.018243,2254.875057,9.000000,-8.000000,-29.038068,0.364417,-0.763346,-0.392312,-0.361342,-0.119462,-0.366804,0.000000,-0.000000,-0.000000,-4484.286386,0.000000,0.000000,0.000000,-0.000000,-0.000001,-146292.474443,0.000000,0.000000,0.000000,77011.532014,0.894278,0.000018,347.220687,9.000000,-8.000000,31.174602,-4484.286386,12.041595,-69.681819,32.989273,-106.953189,12.041595,-71.957625,347.921463,-0.000001,146292.474443,0.491095,9225.018530,442255.409538,451480.428068,0.000000,-3523196.554560
118.200000,1322.559997,-113.818243,2242.292543,9.000000,-8.000000,-26.929175,0.364417,-0.763346,-0.392312,-0.361342,-0.119462,-0.366804,0.000000,-0.000000,-0.000000,-3319.218184,0.000000,0.000000,0.000000,-0.000000,-0.000001,-108233.115492,0.000000,0.000000,0.000000,77132.650644,0.895685,0.000018,347.220687,9.000000,-8.000000,29.346664,-3319.218184,12.041595,-67.186263,32.989230,-106.953099,12.041595,-71.957625,308.683646,-0.000001,108233.115492,0.491095,8342.269677,439787.563377,448129.833054,0.000000,-2606601.086907
118.800000,1327.959997,-118.618243,2232.855172,9.000000,-8.000000,-10.455287,0.364417,-0.763346,-0.392312,-0.361342,-0.119462,-0.366804,0.000000,0.000000,0.000000,9.000932,0.000000,0.000000,0.000000,0.000000,0.000000,490.126816,0.000000,0.000000,0.000000,77223.595590,0.896741,0.000018,347.220687,9.000000,-8.000000,15.947194,9.000932,12.041595,-40.966627,32.989187,-106.953010,12.041595,-71.957625,49.012681,0.000000,-490.126816,0.491095,2543.620514,437936.583534,440480.204048,0.000000,7816.140817
119.400000,1333.359997,-123.418243,2227.603442,9.000000,-8.000000,-7.695524,0.364417,-0.763346,-0.392312,-0.361342,-0.119462,-0.366804,0.000000,0.000000,0.000000,2.132543,-0.000000,-0.000000,0.000000,0.000000,0.000000,265.703648,-0.000000,-0.000000,0.000000,77274.242453,0.897329,0.000018,347.220687,9.000000,-8.000000,14.290593,2.132543,12.041595,-32.581779,32.989143,-106.952920,12.041595,-71.957625,26.570365,0.000000,-265.703648,0.491095,2042.701321,436906.545958,438949.247280,-0.000000,3797.059534
120.000000,1338.759997,-128.218243,2223.251300,9.000000,-8.000000,-6.955375,0.364417,-0.763346,-0.392312,-0.361342,-0.119462,-0.366804,0.000000,0.000000,0.000000,0.647528,0.000000,0.000000,0.000000,0.000000,0.000000,217.169374,0.000000,0.000000,0.000000,77316.234212,0.897816,0.000018,347.220687,9.000000,-8.000000,13.906014,0.647528,12.041595,-30.011264,32.989100,-106.952831,12.041595,-71.957625,21.716937,0.000000,-217.169374,0.491095,1934.263431,436052.947193,437987.210625,0.000000,3019.960385
120.600000,1344.159997,-133.018243,2219.160814,9.000000,-8.000000,-6.721969,0.364417,-0.763346,-0.392312,-0.361342,-0.119462,-0.366804,0.000000,0.000000,0.000000,0.212305,-0.000000,-0.000000,0.000000,0.000000,0.000000,202.942164,-0.000000,-0.000000,0.000000,77355.718214,0.898275,0.000018,347.220687,9.000000,-8.000000,13.790753,0.212305,12.041595,-29.171530,32.989057,-106.952742,12.041595,-71.957625,20.294216,0.000000,-202.942164,0.491095,1902.339764,435250.667900,437153.007664,-0.000000,2798.725113
121.200000,1349.559997,-137.818243,2215.155122,9.000000,-8.000000,-6.644217,0.364417,-0.763346,-0.392312,-0.361342,-0.119462,-0.366804,0.000000,0.000000,0.000000,0.072576,0.000000,0.000000,0.000000,0.000000,0.000000,198.373640,0.000000,0.000000,0.000000,77394.399546,0.898724,0.000018,347.220687,9.000000,-8.000000,13.753022,0.072576,12.041595,-28.888691,32.989014,-106.952652,12.041595,-71.957625,19.837364,0.000000,-198.373640,0.491095,1891.947245,434465.019605,436356.966850,0.000000,2728.237047
121.800000,1354.959997,-142.618243,2211.178133,9.000000,-8.000000,-6.617166,0.364417,-0.763346,-0.392312,-0.361342,-0.119462,-0.366804,0.000000,0.000000,0.000000,0.026270,0.000000,0.000000,0.000000,0.000000,0.000000,196.859333,0.000000,0.000000,0.000000,77432.819210,0.899170,0.000018,347.220687,9.000000,-8.000000,13.739974,0.026270,12.041595,-28.789927,32.988971,-106.952563,12.041595,-71.957625,19.685933,0.000000,-196.859333,0.491095,1888.359976,433685.000678,435573.360655,0.000000,2704.842142
122.400000,1360.359997,-147.418243,2207.211338,9.000000,-8.000000,-6.606886,0.364417,-0.763346,-0.392312,-0.361342,-0.119462,-0.366804,0.000000,0.000000,0.000000,0.010554,0.000000,0.000000,0.000000,0.000000,0.000000,196.345294,0.000000,0.000000,0.000000,77471.155765,0.899615,0.000018,347.220687,9.000000,-8.000000,13.735026,0.010554,12.041595,-28.752344,32.988928,-106.952473,12.041595,-71.957625,19.634529,0.000000,-196.345294,0.491095,1887.000499,432906.981389,434793.981888,0.000000,2696.807725
123.000000,1365.759997,-152.218243,2203.248683,9.000000,-8.000000,-6.602346,0.364417,-0.763346,-0.392312,-0.361342,-0.119462,-0.366804,0.000000,0.000000,0.000000,0.005272,0.000000,0.000000,0.000000,0.000000,0.000000,196.172537,0.000000,0.000000,0.000000,77509.467658,0.900060,0.000018,347.220687,9.000000,-8.000000,13.732843,0.005272,12.041595,-28.735739,32.988884,-106.952384,12.041595,-71.957625,19.617254,0.000000,-196.172537,0.491095,1886.400860,432129.773984,434016.174844,0.000000,2694.006648
123.600000,1371.159997,-157.018243,2199.288109,9.000000,-8.000000,-6.599808,0.364417,-0.763346,-0.392312,-0.361342,-0.119462,-0.366804,0.000000,0.000000,0.000000,0.003623,0.000000,0.000000,0.000000,0.000000,0.000000,196.118595,0.000000,0.000000,0.000000,77547.774764,0.900505,0.000018,347.220687,9.000000,-8.000000,13.731623,0.003623,12.041595,-28.726452,32.988841,-106.952295,12.041595,-71.957625,19.611860,0.000000,-196.118595,0.491095,1886.065726,431352.974637,433239.040363,0.000000,2693.026565
124.200000,1376.559997,-161.818243,2195.328834,9.000000,-8.000000,-6.597854,0.364417,-0.763346,-0.392312,-0.361342,-0.119462,-0.366804,0.000000,0.000000,0.000000,0.003034,0.000000,0.000000,0.000000,0.000000,0.000000,196.099316,0.000000,0.000000,0.000000,77586.084620,0.900950,0.000018,347.220687,9.000000,-8.000000,13.730684,0.003034,12.041595,-28.719302,32.988798,-106.952205,12.041595,-71.957625,19.609932,0.000000,-196.099316,0.491095,1885.807854,430576.430219,432462.238073,0.000000,2692.577692
124.800000,1381.959997,-166.618243,2191.370653,9.000000,-8.000000,-6.596111,0.364417,-0.763346,-0.392312,-0.361342,-0.119462,-0.366804,0.000000,0.000000,0.000000,0.002825,-0.000000,-0.000000,0.000000,0.000000,0.000000,196.092498,-0.000000,-0.000000,0.000000,77624.399214,0.901395,0.000018,347.220687,9.000000,-8.000000,13.729846,0.002825,12.041595,-28.712922,32.988755,-106.952116,12.041595,-71.957625,19.609250,0.000000,-196.092498,0.491095,1885.577857,429800.100228,431685.678085,-0.000000,2692.319832
125.400000,1387.359997,-171.418243,2187.413488,9.000000,-8.000000,-6.594440,0.364417,-0.763346,-0.392312,-0.361342,-0.119462,-0.366804,0.000000,0.000000,0.000000,0.002746,-0.000000,-0.000000,0.000000,0.000000,0.000000,196.089920,-0.000000,-0.000000,0.000000,77662.719284,0.901840,0.000018,347.220687,9.000000,-8.000000,13.729044,0.002746,12.041595,-28.706806,32.988712,-106.952026,12.041595,-71.957625,19.608992,0.000000,-196.089920,0.491095,1885.357462,429023.969573,430909.327035,-0.000000,2692.127051
126.000000,1392.759997,-176.218243,2183.457308,9.000000,-8.000000,-6.592788,0.364417,-0.763346,-0.392312,-0.361342,-0.119462,-0.366804,0.000000,0.000000,0.000000,0.002699,-0.000000,-0.000000,0.000000,0.000000,0.000000,196.088398,-0.000000,-0.000000,0.000000,77701.045119,0.902285,0.000018,347.220687,9.000000,-8.000000,13.728250,0.002699,12.041595,-28.700759,32.988669,-106.951937,12.041595,-71.957625,19.608840,0.000000,-196.088398,0.491095,1885.139591,428248.032265,430133.171855,-0.000000,2691.950556
126.600000,1398.159997,-181.018243,2179.502111,9.000000,-8.000000,-6.591149,0.364417,-0.763346,-0.392312,-0.361342,-0.119462,-0.366804,0.000000,0.000000,0.000000,0.002674,-0.000000,-0.000000,0.000000,0.000000,0.000000,196.087606,-0.000000,-0.000000,0.000000,77739.376745,0.902730,0.000018,347.220687,9.000000,-8.000000,13.727463,0.002674,12.041595,-28.694759,32.988625,-106.951847,12.041595,-71.957625,19.608761,0.000000,-196.087606,0.491095,1884.923521,427472.287623,429357.211145,-0.000000,2691.785375
127.200000,1403.559997,-185.818243,2175.547895,9.000000,-8.000000,-6.589520,0.364417,-0.763346,-0.392312,-0.361342,-0.119462,-0.366804,0.000000,-0.000000,-0.000000,0.002666,0.000000,0.000000,0.000000,-0.000000,-0.000000,196.087369,0.000000,0.000000,0.000000,77777.714175,0.903175,0.000018,347.220687,9.000000,-8.000000,13.726681,0.002666,12.041595,-28.688796,32.988582,-106.951758,12.041595,-71.957625,19.608737,-0.000000,-196.087369,0.491095,1884.708860,426696.735248,428581.444108,0.000000,2691.628798
127.800000,1408.959997,-190.618243,2171.594656,9.000000,-8.000000,-6.587899,0.364417,-0.763346,-0.392312,-0.361342,-0.119462,-0.366804,0.000000,-0.000000,-0.000000,0.002670,0.000000,0.000000,0.000000,-0.000000,-0.000000,196.087495,0.000000,0.000000,0.000000,77816.057424,0.903621,0.000018,347.220687,9.000000,-8.000000,13.725903,0.002670,12.041595,-28.682858,32.988539,-106.951669,12.041595,-71.957625,19.608749,-0.000000,-196.087495,0.491095,1884.495181,425921.374721,427805.869902,0.000000,2691.477902
128.400000,1414.359997,-195.418243,2167.642394,9.000000,-8.000000,-6.586281,0.364417,-0.763346,-0.392312,-0.361342,-0.119462,-0.366804,0.000000,-0.000000,-0.000000,0.002678,0.000000,0.000000,0.000000,-0.000000,-0.000000,196.087782,0.000000,0.000000,0.000000,77854.406506,0.904066,0.000018,347.220687,9.000000,-8.000000,13.725126,0.002678,12.041595,-28.676933,32.988496,-106.951579,12.041595,-71.957625,19.608778,-0.000000,-196.087782,0.491095,1884.282038,425146.205610,427030.487648,0.000000,2691.329594
129.000000,1419.759997,-200.218243,2163.691105,9.000000,-8.000000,-6.584663,0.364417,-0.763346,-0.392312,-0.361342,-0.119462,-0.366804,0.000000,-0.000000,0.000000,0.002685,-0.000000,-0.000000,0.000000,-0.000000,0.000000,196.088042,-0.000000,-0.000000,0.000000,77892.761436,0.904511,0.000018,347.220687,9.000000,-8.000000,13.724350,0.002685,12.041595,-28.671009,32.988453,-106.951490,12.041595,-71.957625,19.608804,0.000000,-196.088042,0.491095,1884.069011,424371.227495,426255.296506,-0.000000,2691.180985
129.600000,1425.159997,-205.018243,2159.740788,9.000000,-8.000000,-6.583046,0.364417,-0.763346,-0.392312,-0.361342,-0.119462,-0.366804,0.000000,-0.000000,0.000000,0.002690,-0.000000,-0.000000,0.000000,-0.000000,0.000000,196.088220,-0.000000,-0.000000,0.000000,77931.122221,0.904957,0.000018,347.220687,9.000000,-8.000000,13.723574,0.002690,12.041595,-28.665082,32.988410,-106.951400,12.041595,-71.957625,19.608822,0.000000,-196.088220,0.491095,1883.855980,423596.440063,425480.296043,-0.000000,2691.031239
130.200000,1430.559997,-209.818243,2155.791443,9.000000,-8.000000,-6.581428,0.364417,-0.763346,-0.392312,-0.361342,-0.119462,-0.366804,0.000000,-0.000000,0.000000,0.002693,-0.000000,-0.000000,0.000000,-0.000000,0.000000,196.088338,-0.000000,-0.000000,0.000000,77969.488868,0.905402,0.000018,347.220687,9.000000,-8.000000,13.722798,0.002693,12.041595,-28.659155,32.988366,-106.951311,12.041595,-71.957625,19.608834,0.000000,-196.088338,0.491095,1883.642992,422821.843062,424705.486054,-0.000000,2690.880682
130.800000,1435.959997,-214.618243,2151.843067,9.000000,-8.000000,-6.579810,0.364417,-0.763346,-0.392312,-0.361342,-0.119462,-0.366804,0.000000,-0.000000,-0.000000,0.002695,0.000000,0.000000,0.000000,-0.000000,-0.000000,196.088415,0.000000,0.000000,0.000000,78007.861383,0.905848,0.000018,347.220687,9.000000,-8.000000,13.722022,0.002695,12.041595,-28.653228,32.988323,-106.951222,12.041595,-71.957625,19.608841,-0.000000,-196.088415,0.491095,1883.430093,422047.436263,423930.866356,0.000000,2690.729629
131.400000,1441.359997,-219.418243,2147.895660,9.000000,-8.000000,-6.578193,0.364417,-0.763346,-0.392312,-0.361342,-0.119462,-0.366804,0.000000,-0.000000,-0.000000,0.002696,0.000000,0.000000,0.000000,-0.000000,-0.000000,196.088461,0.000000,0.000000,0.000000,78046.239762,0.906293,0.000018,347.220687,9.000000,-8.000000,13.721247,0.002696,12.041595,-28.647302,32.988280,-106.951132,12.041595,-71.957625,19.608846,-0.000000,-196.088461,0.491095,1883.217302,421273.219559,423156.436861,0.000000,2690.578219
132.000000,1446.759997,-224.218243,2143.949223,9.000000,-8.000000,-6.576576,0.364417,-0.763346,-0.392312,-0.361342,-0.119462,-0.366804,0.000000,-0.000000,-0.000000,0.002696,0.000000,0.000000,0.000000,-0.000000,-0.000001,196.088481,0.000000,0.000000,0.000000,78084.624003,0.906739,0.000018,347.220687,9.000000,-8.000000,13.720472,0.002696,12.041595,-28.641378,32.988237,-106.951043,12.041595,-71.957625,19.608848,-0.000001,-196.088481,0.491095,1883.004629,420499.192897,422382.197526,0.000000,2690.426519
132.600000,1452.159997,-229.018243,2140.003754,9.000000,-8.000000,-6.574960,0.364417,-0.763346,-0.392312,-0.361342,-0.119462,-0.366804,0.000000,-0.000000,-0.000000,0.002695,0.000000,0.000000,0.000000,-0.000000,-0.000001,196.088478,0.000000,0.000000,0.000000,78123.014102,0.907185,0.000018,347.220687,9.000000,-8.000000,13.719697,0.002695,12.041595,-28.635454,32.988194,-106.950953,12.041595,-71.957625,19.608848,-0.000001,-196.088478,0.491095,1882.792083,419725.356221,421608.148304,0.000000,2690.274596
133.200000,1457.559997,-233.818243,2136.059253,9.000000,-8.000000,-6.573345,0.364417,-0.763346,-0.392312,-0.361342,-0.119462,-0.366804,0.000000,-0.000000,-0.000000,0.002694,0.000000,0.000000,0.000000,-0.000000,-0.000001,196.088457,0.000000,0.000000,0.000000,78161.410054,0.907631,0.000018,347.220687,9.000000,-8.000000,13.718923,0.002694,12.041595,-28.629533,32.988151,-106.950864,12.041595,-71.957625,19.608846,-0.000001,-196.088457,0.491095,1882.579675,418951.709478,420834.289153,0.000000,2690.122519
133.800000,1462.959997,-238.618243,2132.115721,9.000000,-8.000000,-6.571730,0.364417,-0.763346,-0.392312,-0.361342,-0.119462,-0.366804,0.000000,-0.000000,-0.000000,0.002693,0.000000,0.000000,0.000000,-0.000000,-0.000001,196.088424,0.000000,0.000000,0.000000,78199.811856,0.908077,0.000018,347.220687,9.000000,-8.000000,13.718150,0.002693,12.041595,-28.623613,32.988107,-106.950774,12.041595,-71.957625,19.608842,-0.000001,-196.088424,0.491095,1882.367414,418178.252612,420060.620026,0.000000,2689.970355
134.400000,1468.359997,-243.418243,2128.173156,9.000000,-8.000000,-6.570116,0.364417,-0.763346,-0.392312,-0.361342,-0.119462,-0.366804,0.000000,-0.000000,-0.000000,0.002691,0.000000,0.000000,0.000000,-0.000000,-0.000001,196.088381,0.000000,0.000000,0.000000,78238.219504,0.908523,0.000018,347.220687,9.000000,-8.000000,13.717377,0.002691,12.041595,-28.617695,32.988064,-106.950685,12.041595,-71.957625,19.608838,-0.000001,-196.088381,0.491095,1882.155309,417404.985569,419287.140878,0.000000,2689.818171
135.000000,1473.759997,-248.218243,2124.231559,9.000000,-8.000000,-6.568503,0.364417,-0.763346,-0.392312,-0.361342,-0.119462,-0.366804,0.000000,-0.000000,-0.000000,0.002689,0.000000,0.000000,0.000000,-0.000000,-0.000000,196.088334,0.000000,0.000000,0.000000,78276.632994,0.908969,0.000018,347.220687,9.000000,-8.000000,13.716604,0.002689,12.041595,-28.611780,32.988021,-106.950596,12.041595,-71.957625,19.608833,-0.000000,-196.088334,0.491095,1881.943369,416631.908296,418513.851665,0.000000,2689.666036
135.600000,1479.159997,-253.018243,2120.290929,9.000000,-8.000000,-6.566891,0.364417,-0.763346,-0.392312,-0.361342,-0.119462,-0.366804,0.000000,-0.000000,0.000000,0.002687,-0.000000,-0.000000,0.000000,-0.000000,0.000000,196.088286,-0.000000,-0.000000,0.000000,78315.052322,0.909415,0.000018,347.220687,9.000000,-8.000000,13.715832,0.002687,12.041595,-28.605868,32.987978,-106.950506,12.041595,-71.957625,19.608829,0.000000,-196.088286,0.491095,1881.731606,415859.020736,417740.752342,-0.000000,2689.514016
136.200000,1484.559997,-257.818243,2116.351266,9.000000,-8.000000,-6.565279,0.364417,-0.763346,-0.392312,-0.361342,-0.119462,-0.366804,0.000000,-0.000000,0.000000,0.002685,-0.000000,-0.000000,0.000000,-0.000000,0.000001,196.088242,-0.000000,-0.000000,0.000000,78353.477485,0.909861,0.000018,347.220687,9.000000,-8.000000,13.715061,0.002685,12.041595,-28.599959,32.987935,-106.950417,12.041595,-71.957625,19.608824,0.000001,-196.088242,0.491095,1881.520025,415086.322820,416967.842844,-0.000000,2689.362159
136.800000,1489.959997,-262.618243,2112.412569,9.000000,-8.000000,-6.563669,0.364417,-0.763346,-0.392312,-0.361342,-0.119462,-0.366804,0.000000,-0.000000,0.000000,0.002683,-0.000000,-0.000000,0.000000,-0.000000,0.000002,196.088200,-0.000000,-0.000000,0.000000,78391.908482,0.910307,0.000018,347.220687,9.000000,-8.000000,13.714290,0.002683,12.041595,-28.594053,32.987892,-106.950327,12.041595,-71.957625,19.608820,0.000002,-196.088200,0.491095,1881.308625,414313.814435,416195.123061,-0.000000,2689.210464
137.400000,1495.359997,-267.418243,2108.474838,9.000000,-8.000000,-6.562060,0.364417,-0.763346,-0.392312,-0.361342,-0.119462,-0.366804,0.000000,-0.000000,0.000000,0.002682,-0.000000,-0.000000,0.000000,-0.000000,0.000003,196.088161,-0.000000,-0.000000,0.000000,78430.345312,0.910754,0.000018,347.220687,9.000000,-8.000000,13.713520,0.002682,12.041595,-28.588150,32.987848,-106.950238,12.041595,-71.957625,19.608816,0.000003,-196.088161,0.491095,1881.097406,413541.495468,415422.592874,-0.000000,2689.058923
138.000000,1500.759997,-272.218243,2104.538073,9.000000,-8.000000,-6.560452,0.364417,-0.763346,-0.392312,-0.361342,-0.119462,-0.366804,0.000000,-0.000000,0.000000,0.002680,-0.000000,-0.000000,0.000000,-0.000000,0.000004,196.088124,-0.000000,-0.000000,0.000000,78468.787974,0.911200,0.000018,347.220687,9.000000,-8.000000,13.712751,0.002680,12.041595,-28.582249,32.987805,-106.950149,12.041595,-71.957625,19.608812,0.000004,-196.088124,0.491095,1880.886366,412769.365802,414650.252169,-0.000000,2688.907529
138.600000,1506.159997,-277.018243,2100.602272,9.000000,-8.000000,-6.558844,0.364417,-0.763346,-0.392312,-0.361342,-0.119462,-0.366804,0.000000,-0.000000,0.000000,0.002678,-0.000000,-0.000000,0.000000,-0.000000,0.000004,196.088089,-0.000000,-0.000000,0.000000,78507.236468,0.911647,0.000018,347.220687,9.000000,-8.000000,13.711982,0.002679,12.041595,-28.576352,32.987762,-106.950059,12.041595,-71.957625,19.608809,0.000004,-196.088089,0.491095,1880.675505,411997.425322,413878.100827,-0.000000,2688.756274
139.200000,1511.559997,-281.818243,2096.667434,9.000000,-8.000000,-6.557238,0.364417,-0.763346,-0.392312,-0.361342,-0.119462,-0.366804,0.000000,-0.000000,0.000000,0.002677,-0.000000,-0.000000,0.000000,-0.000000,0.000004,196.088054,-0.000000,-0.000000,0.000000,78545.690793,0.912093,0.000018,347.220687,9.000000,-8.000000,13.711213,0.002677,12.041595,-28.570457,32.987719,-106.949970,12.041595,-71.957625,19.608805,0.000004,-196.088054,0.491095,1880.464820,411225.673911,413106.138731,-0.000000,2688.605151
139.800000,1516.959997,-286.618243,2092.733561,9.000000,-8.000000,-6.555633,0.364417,-0.763346,-0.392312,-0.361342,-0.119462,-0.366804,0.000000,-0.000000,0.000000,0.002675,-0.000000,-0.000000,0.000000,-0.000000,0.000003,196.088020,-0.000000,-0.000000,0.000000,78584.150947,0.912540,0.000018,347.220687,9.000000,-8.000000,13.710446,0.002675,12.041595,-28.564565,32.987676,-106.949880,12.041595,-71.957625,19.608802,0.000003,-196.088020,0.491095,1880.254310,410454.111455,412334.365765,-0.000000,2688.454153
140.400000,1522.359997,-291.418243,2088.800650,9.000000,-8.000000,-6.554028,0.364417,-0.763346,-0.392312,-0.361342,-0.119462,-0.366804,0.000000,-0.000000,0.000000,0.002674,-0.000000,-0.000000,0.000000,-0.000000,0.000001,196.087986,-0.000000,-0.000000,0.000000,78622.616931,0.912986,0.000018,347.220687,9.000000,-8.000000,13.709679,0.002674,12.041595,-28.558676,32.987632,-106.949791,12.041595,-71.957625,19.608799,0.000001,-196.087986,0.491095,1880.043975,409682.737837,411562.781812,-0.000000,2688.303272
141.000000,1527.759997,-296.218243,2084.868701,9.000000,-8.000000,-6.552425,0.364417,-0.763346,-0.392312,-0.361342,-0.119462,-0.366804,0.000000,0.000000,-0.000000,0.002672,0.000000,0.000000,0.000000,0.000000,-0.000002,196.087952,0.000000,0.000000,0.000000,78661.088742,0.913433,0.000018,347.220687,9.000000,-8.000000,13.708912,0.002672,12.041595,-28.552790,32.987589,-106.949701,12.041595,-71.957625,19.608795,-0.000002,-196.087952,0.491095,1879.833812,408911.552942,410791.386754,0.000000,2688.152500
141.600000,1533.159997,-301.018243,2080.937714,9.000000,-8.000000,-6.550822,0.364417,-0.763346,-0.392312,-0.361342,-0.119462,-0.366804,0.000000,0.000000,-0.000000,0.002671,0.000000,0.000000,0.000000,0.000000,-0.000005,196.087917,0.000000,0.000000,0.000000,78699.566381,0.913880,0.000018,347.220687,9.000000,-8.000000,13.708146,0.002670,12.041595,-28.546906,32.987546,-106.949612,12.041595,-71.957625,19.608792,-0.000005,-196.087917,0.491095,1879.623822,408140.556660,410020.180481,0.000000,2688.001835
142.200000,1538.559997,-305.818243,2077.007688,9.000000,-8.000000,-6.549221,0.364417,-0.763346,-0.392312,-0.361342,-0.119462,-0.366804,0.000000,0.000000,-0.000000,0.002669,0.000000,0.000000,0.000000,0.000000,-0.000009,196.087881,0.000000,0.000000,0.000000,78738.049845,0.914327,0.000018,347.220687,9.000000,-8.000000,13.707381,0.002669,12.041595,-28.541025,32.987503,-106.949523,12.041595,-71.957625,19.608788,-0.000009,-196.087881,0.491095,1879.414003,407369.748883,409249.162887,0.000000,2687.851278
142.800000,1543.959997,-310.618243,2073.078623,9.000000,-8.000000,-6.547620,0.364417,-0.763346,-0.392312,-0.361342,-0.119462,-0.366804,0.000000,0.000000,-0.000000,0.002667,0.000000,0.000000,0.000000,0.000000,-0.000012,196.087845,0.000000,0.000000,0.000000,78776.539135,0.914774,0.000018,347.220687,9.000000,-8.000000,13.706616,0.002667,12.041595,-28.535147,32.987460,-106.949433,12.041595,-71.957625,19.608785,-0.000012,-196.087845,0.491095,1879.204358,406599.129506,408478.333864,0.000000,2687.700830
143.400000,1549.359997,-315.418243,2069.150517,9.000000,-8.000000,-6.546020,0.364417,-0.763346,-0.392312,-0.361342,-0.119462,-0.366804,0.000000,0.000000,-0.000000,0.002666,0.000000,0.000000,0.000000,0.000000,-0.000015,196.087809,0.000000,0.000000,0.000000,78815.034247,0.915221,0.000018,347.220687,9.000000,-8.000000,13.705852,0.002665,12.041595,-28.529272,32.987417,-106.949344,12.041595,-71.957625,19.608781,-0.000015,-196.087809,0.491095,1878.994884,405828.698423,407707.693307,0.000000,2687.550492
144.000000,1554.759997,-320.218243,2065.223372,9.000000,-8.000000,-6.544421,0.364417,-0.763346,-0.392312,-0.361342,-0.119462,-0.366804,0.000000,0.000000,-0.000000,0.002664,0.000000,0.000000,0.000000,0.000000,-0.000015,196.087773,0.000000,0.000000,0.000000,78853.535182,0.915668,0.000018,347.220687,9.000000,-8.000000,13.705088,0.002663,12.041595,-28.523399,32.987373,-106.949254,12.041595,-71.957625,19.608777,-0.000015,-196.087773,0.491095,1878.785584,405058.455526,406937.241110,0.000000,2687.400265
144.600000,1560.159997,-325.018243,2061.297185,9.000000,-8.000000,-6.542823,0.364417,-0.763346,-0.392312,-0.361342,-0.119462,-0.366804,0.000000,0.000000,-0.000000,0.002663,0.000000,0.000000,0.000000,0.000000,-0.000014,196.087736,0.000000,0.000000,0.000000,78892.041938,0.916115,0.000018,347.220687,9.000000,-8.000000,13.704325,0.002662,12.041595,-28.517529,32.987330,-106.949165,12.041595,-71.957625,19.608774,-0.000014,-196.087736,0.491095,1878.576456,404288.400710,406166.977165,0.000000,2687.250150
145.200000,1565.559997,-329.818243,2057.371956,9.000000,-8.000000,-6.541226,0.364417,-0.763346,-0.392312,-0.361342,-0.119462,-0.366804,0.000000,0.000000,-0.000000,0.002661,0.000000,0.000000,0.000000,0.000000,-0.000009,196.087699,0.000000,0.000000,0.000000,78930.554513,0.916562,0.000018,347.220687,9.000000,-8.000000,13.703563,0.002661,12.041595,-28.511662,32.987287,-106.949076,12.041595,-71.957625,19.608770,-0.000009,-196.087699,0.491095,1878.367500,403518.533868,405396.901369,0.000000,2687.100149
145.800000,1570.959997,-334.618243,2053.447685,9.000000,-8.000000,-6.539630,0.364417,-0.763346,-0.392312,-0.361342,-0.119462,-0.366804,0.000000,0.000000,-0.000000,0.002659,0.000000,0.000000,0.000000,0.000000,-0.000001,196.087662,0.000000,0.000000,0.000000,78969.072907,0.917010,0.000018,347.220687,9.000000,-8.000000,13.702801,0.002659,12.041595,-28.505798,32.987244,-106.948986,12.041595,-71.957625,19.608766,-0.000001,-196.087662,0.491095,1878.158718,402748.854895,404627.013613,0.000000,2686.950263
146.400000,1576.359997,-339.418243,2049.524372,9.000000,-8.000000,-6.538035,0.364417,-0.763346,-0.392312,-0.361342,-0.119462,-0.366804,0.000000,-0.000000,0.000000,0.002658,-0.000000,-0.000000,0.000000,-0.000000,0.000011,196.087625,-0.000000,-0.000000,0.000000,79007.597118,0.917457,0.000018,347.220687,9.000000,-8.000000,13.702040,0.002658,12.041595,-28.499936,32.987201,-106.948897,12.041595,-71.957625,19.608763,0.000011,-196.087625,0.491095,1877.950108,401979.363684,403857.313793,-0.000000,2686.800493
147.000000,1581.759997,-344.218243,2045.602016,9.000000,-8.000000,-6.536441,0.364417,-0.763346,-0.392312,-0.361342,-0.119462,-0.366804,0.000000,-0.000000,0.000001,0.002656,-0.000000,-0.000000,0.000000,-0.000000,0.000026,196.087588,-0.000000,-0.000000,0.000000,79046.127144,0.917904,0.000018,347.220687,9.000000,-7.999999,13.701279,0.002657,12.041595,-28.494077,32.987158,-106.948807,12.041595,-71.957625,19.608759,0.000026,-196.087588,0.491095,1877.741671,401210.060140,403087.801811,-0.000000,2686.650839
147.600000,1587.159997,-349.018243,2041.680616,9.000000,-8.000000,-6.534847,0.364417,-0.763346,-0.392312,-0.361342,-0.119462,-0.366804,0.000000,-0.000000,0.000001,0.002654,-0.000000,-0.000000,0.000000,-0.000000,0.000045,196.087552,-0.000000,-0.000000,0.000000,79084.662984,0.918352,0.000018,347.220687,9.000000,-7.999999,13.700519,0.002657,12.041595,-28.488221,32.987114,-106.948718,12.041595,-71.957625,19.608755,0.000045,-196.087552,0.491095,1877.533406,400440.944166,402318.477572,-0.000000,2686.501300
148.200000,1592.559997,-353.818243,2037.760171,9.000000,-8.000000,-6.533255,0.364417,-0.763346,-0.392312,-0.361342,-0.119462,-0.366804,0.000000,-0.000000,0.000002,0.002653,-0.000000,-0.000000,0.000000,-0.000000,0.000066,196.087515,-0.000000,-0.000000,0.000000,79123.204637,0.918799,0.000018,347.220687,9.000000,-7.999998,13.699760,0.002656,12.041595,-28.482367,32.987071,-106.948629,12.041595,-71.957625,19.608752,0.000066,-196.087515,0.491095,1877.325314,399672.015668,401549.340982,-0.000000,2686.351877
148.800000,1597.959997,-358.618243,2033.840682,9.000000,-8.000000,-6.531664,0.364417,-0.763346,-0.392312,-0.361342,-0.119462,-0.366804,0.000000,-0.000000,0.000003,0.002651,-0.000000,-0.000000,0.000000,-0.000000,0.000089,196.087478,-0.000000,-0.000000,0.000000,79161.752099,0.919247,0.000018,347.220687,9.000000,-7.999997,13.699001,0.002656,12.041595,-28.476517,32.987028,-106.948539,12.041595,-71.957625,19.608748,0.000089,-196.087478,0.491095,1877.117393,398903.274551,400780.391944,-0.000000,2686.202570
149.400000,1603.359997,-363.418243,2029.922148,9.000000,-8.000000,-6.530073,0.364417,-0.763346,-0.392312,-0.361342,-0.119462,-0.366804,0.000000,-0.000000,0.000003,0.002650,-0.000000,-0.000000,0.000000,-0.000000,0.000113,196.087442,-0.000000,-0.000000,0.000000,79200.305370,0.919695,0.000018,347.220687,9.000000,-7.999996,13.698243,0.002655,12.041595,-28.470669,32.986985,-106.948450,12.041595,-71.957625,19.608744,0.000113,-196.087442,0.491095,1876.909644,398134.720720,400011.630364,-0.000000,2686.053379
150.000000,1608.759997,-368.218243,2026.004569,9.000000,-8.000000,-6.528483,0.364417,-0.763346,-0.392312,-0.361342,-0.119462,-0.366804,0.000000,-0.000000,0.000004,0.002648,-0.000000,-0.000000,0.000000,-0.000000,0.000138,196.087405,-0.000000,-0.000000,0.000000,79238.864447,0.920143,0.000018,347.220687,9.000000,-7.999996,13.697485,0.002655,12.041595,-28.464823,32.986942,-106.948360,12.041595,-71.957625,19.608741,0.000138,-196.087405,0.491095,1876.702066,397366.354080,399243.056146,-0.000000,2685.904303
150.600000,1614.159997,-373.018244,2022.087943,9.000000,-8.000000,-6.526895,0.364417,-0.763346,-0.392312,-0.361342,-0.119462,-0.366804,0.000000,0.000000,0.000005,0.002646,-0.000000,-0.000000,0.000000,0.000000,0.000163,196.087369,-0.000000,-0.000000,0.000000,79277.429330,0.920590,0.000018,347.220687,9.000000,-7.999995,13.696728,0.002654,12.041595,-28.458981,32.986899,-106.948271,12.041595,-71.957625,19.608737,0.000163,-196.087369,0.491095,1876.494659,396598.174537,398474.669196,-0.000000,2685.755343
151.200000,1619.559997,-377.818244,2018.172271,9.000000,-8.000000,-6.525307,0.364417,-0.763346,-0.392312,-0.361342,-0.119462,-0.366804,0.000000,0.000000,0.000006,0.002645,-0.000000,-0.000000,0.000000,0.000000,0.000187,196.087332,-0.000000,-0.000000,0.000000,79316.000016,0.921038,0.000018,347.220687,9.000000,-7.999994,13.695971,0.002654,12.041595,-28.453141,32.986855,-106.948181,12.041595,-71.957625,19.608733,0.000187,-196.087332,0.491095,1876.287422,395830.181995,397706.469418,-0.000000,2685.606497
151.800000,1624.959997,-382.618244,2014.257552,9.000000,-8.000000,-6.523720,0.364417,-0.763346,-0.392312,-0.361342,-0.119462,-0.366804,0.000000,0.000000,0.000006,0.002643,-0.000000,-0.000000,0.000000,0.000000,0.000211,196.087296,-0.000000,-0.000000,0.000000,79354.576503,0.921486,0.000018,347.220687,9.000000,-7.999993,13.695215,0.002654,12.041595,-28.447304,32.986812,-106.948092,12.041595,-71.957625,19.608730,0.000211,-196.087296,0.491095,1876.080356,395062.376360,396938.456717,-0.000000,2685.457767
152.400000,1630.359997,-387.418244,2010.343785,9.000000,-8.000000,-6.522134,0.364417,-0.763346,-0.392312,-0.361342,-0.119462,-0.366804,0.000000,0.000000,0.000007,0.002642,-0.000000,-0.000000,0.000000,0.000000,0.000233,196.087260,-0.000000,-0.000000,0.000000,79393.158790,0.921934,0.000018,347.220687,9.000000,-7.999993,13.694460,0.002653,12.041595,-28.441470,32.986769,-106.948003,12.041595,-71.957625,19.608726,0.000233,-196.087260,0.491095,1875.873461,394294.757537,396170.630997,-0.000000,2685.309152
153.000000,1635.759997,-392.218244,2006.430970,9.000000,-8.000000,-6.520549,0.364417,-0.763346,-0.392312,-0.361342,-0.119462,-0.366804,0.000000,0.000000,0.000008,0.002640,-0.000000,-0.000000,0.000000,0.000000,0.000253,196.087224,-0.000000,-0.000000,0.000000,79431.746875,0.922382,0.000018,347.220687,9.000000,-7.999992,13.693705,0.002652,12.041595,-28.435639,32.986726,-106.947913,12.041595,-71.957625,19.608722,0.000253,-196.087224,0.491095,1875.666735,393527.325430,395402.992165,-0.000000,2685.160653
153.600000,1641.159997,-397.018244,2002.519107,9.000000,-8.000000,-6.518965,0.364417,-0.763346,-0.392312,-0.361342,-0.119462,-0.366804,0.000000,0.000000,0.000008,0.002638,-0.000000,-0.000000,0.000000,0.000000,0.000270,196.087188,-0.000000,-0.000000,0.000000,79470.340756,0.922830,0.000018,347.220687,9.000000,-7.999992,13.692951,0.002652,12.041595,-28.429810,32.986683,-106.947824,12.041595,-71.957625,19.608719,0.000270,-196.087188,0.491095,1875.460178,392760.079945,394635.540123,-0.000000,2685.012268
154.200000,1646.559997,-401.818244,1998.608194,9.000000,-8.000000,-6.517382,0.364417,-0.763346,-0.392312,-0.361342,-0.119462,-0.366804,0.000000,0.000000,0.000008,0.002637,-0.000000,-0.000000,0.000000,0.000000,0.000284,196.087152,-0.000000,-0.000000,0.000000,79508.940431,0.923279,0.000018,347.220687,9.000000,-7.999991,13.692197,0.002651,12.041595,-28.423984,32.986640,-106.947734,12.041595,-71.957625,19.608715,0.000284,-196.087152,0.491095,1875.253791,391993.020988,393868.274779,-0.000000,2684.863997
154.800000,1651.959997,-406.618244,1994.698233,9.000000,-8.000000,-6.515799,0.364417,-0.763346,-0.392312,-0.361342,-0.119462,-0.366804,0.000000,0.000000,0.000009,0.002635,-0.000000,-0.000000,0.000000,0.000000,0.000294,196.087117,-0.000000,-0.000000,0.000000,79547.545900,0.923727,0.000018,347.220687,9.000000,-7.999991,13.691444,0.002650,12.041595,-28.418161,32.986596,-106.947645,12.041595,-71.957625,19.608712,0.000294,-196.087117,0.491095,1875.047573,391226.148462,393101.196035,-0.000000,2684.715842
155.400000,1657.359997,-411.418244,1990.789221,9.000000,-8.000000,-6.514218,0.364417,-0.763346,-0.392312,-0.361342,-0.119462,-0.366804,0.000000,0.000000,0.000009,0.002634,-0.000000,-0.000000,0.000000,0.000000,0.000300,196.087081,-0.000000,-0.000000,0.000000,79586.157159,0.924175,0.000018,347.220687,9.000000,-7.999991,13.690692,0.002648,12.041595,-28.412340,32.986553,-106.947556,12.041595,-71.957625,19.608708,0.000300,-196.087081,0.491095,1874.841523,390459.462274,392334.303797,-0.000000,2684.567801
156.000000,1662.759997,-416.218244,1986.881159,9.000000,-8.000000,-6.512638,0.364417,-0.763346,-0.392312,-0.361342,-0.119462,-0.366804,0.000000,0.000000,0.000009,0.002632,-0.000000,-0.000000,0.000000,0.000000,0.000300,196.087046,-0.000000,-0.000000,0.000000,79624.774207,0.924624,0.000018,347.220687,9.000000,-7.999991,13.689940,0.002647,12.041595,-28.406522,32.986510,-106.947466,12.041595,-71.957625,19.608705,0.000300,-196.087046,0.491095,1874.635642,389692.962328,391567.597970,-0.000000,2684.419875
156.600000,1668.159997,-421.018244,1982.974046,9.000000,-8.000000,-6.511058,0.364417,-0.763346,-0.392312,-0.361342,-0.119462,-0.366804,0.000000,0.000000,0.000009,0.002630,-0.000000,-0.000000,0.000000,0.000000,0.000295,196.087011,-0.000000,-0.000000,0.000000,79663.397043,0.925072,0.000018,347.220687,9.000000,-7.999991,13.689189,0.002645,12.041595,-28.400707,32.986467,-106.947377,12.041595,-71.957625,19.608701,0.000295,-196.087011,0.491095,1874.429929,388926.648530,390801.078459,-0.000000,2684.272063
157.200000,1673.559997,-425.818244,1979.067881,9.000000,-8.000000,-6.509480,0.364417,-0.763346,-0.392312,-0.361342,-0.119462,-0.366804,0.000000,0.000000,0.000008,0.002629,-0.000000,-0.000000,0.000000,0.000000,0.000284,196.086976,-0.000000,-0.000000,0.000000,79702.025665,0.925521,0.000018,347.220687,9.000000,-7.999991,13.688438,0.002643,12.041595,-28.394895,32.986424,-106.947287,12.041595,-71.957625,19.608698,0.000284,-196.086976,0.491095,1874.224384,388160.520785,390034.745169,-0.000000,2684.124366
157.800000,1678.959997,-430.618244,1975.162665,9.000000,-8.000000,-6.507902,0.364417,-0.763346,-0.392312,-0.361342,-0.119462,-0.366804,0.000000,0.000000,0.000008,0.002627,-0.000000,-0.000000,0.000000,0.000000,0.000266,196.086941,-0.000000,-0.000000,0.000000,79740.660070,0.925969,0.000018,347.220687,9.000000,-7.999992,13.687688,0.002640,12.041595,-28.389085,32.986381,-106.947198,12.041595,-71.957625,19.608694,0.000266,-196.086941,0.491095,1874.019006,387394.578997,389268.598003,-0.000000,2683.976783
158.400000,1684.359997,-435.418244,1971.258396,9.000000,-8.000000,-6.506325,0.364417,-0.763346,-0.392312,-0.361342,-0.119462,-0.366804,0.000000,0.000000,0.000007,0.002626,-0.000000,-0.000000,0.000000,0.000000,0.000240,196.086906,-0.000000,-0.000000,0.000000,79779.300258,0.926418,0.000018,347.220687,9.000000,-7.999992,13.686938,0.002638,12.041595,-28.383279,32.986337,-106.947109,12.041595,-71.957625,19.608691,0.000240,-196.086906,0.491095,1873.813796,386628.823072,388502.636868,-0.000000,2683.829314
159.000000,1689.759997,-440.218244,1967.355075,9.000000,-8.000000,-6.504749,0.364417,-0.763346,-0.392312,-0.361342,-0.119462,-0.366804,0.000000,0.000000,0.000006,0.002624,-0.000000,-0.000000,0.000000,0.000000,0.000207,196.086872,-0.000000,-0.000000,0.000000,79817.946226,0.926867,0.000018,347.220687,9.000000,-7.999994,13.686189,0.002634,12.041595,-28.377475,32.986294,-106.947019,12.041595,-71.957625,19.608687,0.000207,-196.086872,0.491095,1873.608753,385863.252915,387736.861668,-0.000000,2683.681959
159.600000,1695.159997,-445.018244,1963.452700,9.000000,-8.000000,-6.503174,0.364417,-0.763346,-0.392312,-0.361342,-0.119462,-0.366804,0.000000,0.000000,0.000005,0.002623,-0.000000,-0.000000,0.000000,0.000000,0.000165,196.086837,-0.000000,-0.000000,0.000000,79856.597973,0.927316,0.000018,347.220687,9.000000,-7.999995,13.685440,0.002631,12.041595,-28.371673,32.986251,-106.946930,12.041595,-71.957625,19.608684,0.000165,-196.086837,0.491095,1873.403876,385097.868431,386971.272308,-0.000000,2683.534718
160.200000,1700.559997,-449.818243,1959.551271,9.000000,-8.000000,-6.501600,0.364417,-0.763346,-0.392312,-0.361342,-0.119462,-0.366804,0.000000,0.000000,0.000003,0.002621,-0.000000,-0.000000,0.000000,0.000000,0.000114,196.086803,-0.000000,-0.000000,0.000000,79895.255496,0.927765,0.000018,347.220687,9.000000,-7.999996,13.684692,0.002627,12.041595,-28.365875,32.986208,-106.946840,12.041595,-71.957625,19.608680,0.000114,-196.086803,0.491095,1873.199166,384332.669526,386205.868692,-0.000000,2683.387591
160.800000,1705.959997,-454.618243,1955.650789,9.000000,-8.000000,-6.500027,0.364417,-0.763346,-0.392312,-0.361342,-0.119462,-0.366804,0.000000,0.000000,0.000002,0.002620,-0.000000,-0.000000,0.000000,0.000000,0.000054,196.086769,-0.000000,-0.000000,0.000000,79933.918795,0.928214,0.000018,347.220687,9.000000,-7.999998,13.683945,0.002622,12.041595,-28.360079,32.986165,-106.946751,12.041595,-71.957625,19.608677,0.000054,-196.086769,0.491095,1872.994622,383567.656104,385440.650726,-0.000000,2683.240578
161.400000,1711.359997,-459.418243,1951.751251,9.000000,-8.000000,-6.498455,0.364417,-0.763346,-0.392312,-0.361342,-0.119462,-0.366804,0.000000,0.000000,-0.000001,0.002618,0.000000,0.000000,0.000000,0.000000,-0.000017,196.086735,0.000000,0.000000,0.000000,79972.587868,0.928663,0.000018,347.220687,9.000000,-8.000001,13.683198,0.002617,12.041595,-28.354286,32.986122,-106.946661,12.041595,-71.957625,19.608674,-0.000017,-196.086735,0.491095,1872.790244,382802.828070,384675.618314,0.000000,2683.093678
162.000000,1716.759997,-464.218243,1947.852658,9.000000,-8.000000,-6.496884,0.364417,-0.763346,-0.392312,-0.361342,-0.119462,-0.366804,0.000000,0.000000,-0.000003,0.002617,0.000000,0.000000,0.000000,0.000000,-0.000098,196.086702,0.000000,0.000000,0.000000,80011.262713,0.929112,0.000018,347.220687,9.000000,-8.000003,13.682452,0.002612,12.041595,-28.348495,32.986078,-106.946572,12.041595,-71.957625,19.608670,-0.000098,-196.086702,0.491095,1872.586032,382038.185315,383910.771347,0.000000,2682.946892
162.600000,1722.159997,-469.018243,1943.955009,9.000000,-8.000000,-6.495313,0.364417,-0.763346,-0.392312,-0.361342,-0.119462,-0.366804,0.000000,0.000000,-0.000006,0.002615,0.000000,0.000000,0.000000,0.000000,-0.000187,196.086668,0.000000,0.000000,0.000000,80049.943331,0.929561,0.000018,347.220687,9.000000,-8.000006,13.681706,0.002606,12.041594,-28.342708,32.986035,-106.946483,12.041594,-71.957625,19.608667,-0.000187,-196.086668,0.491095,1872.381986,381273.727697,383146.109683,0.000000,2682.800220
163.200000,1727.559997,-473.818242,1940.058303,9.000000,-8.000000,-6.493744,0.364417,-0.763346,-0.392312,-0.361342,-0.119462,-0.366804,0.000000,0.000000,-0.000008,0.002614,0.000000,0.000000,0.000000,0.000000,-0.000283,196.086635,0.000000,0.000000,0.000000,80088.629723,0.930010,0.000018,347.220687,9.000000,-8.000009,13.680961,0.002600,12.041594,-28.336923,32.985992,-106.946393,12.041594,-71.957625,19.608663,-0.000283,-196.086635,0.491095,1872.178105,380509.455073,382381.633178,0.000000,2682.653661
163.800000,1732.959997,-478.618242,1936.162539,9.000000,-8.000000,-6.492175,0.364417,-0.763346,-0.392312,-0.361342,-0.119462,-0.366804,0.000000,0.000000,-0.000011,0.002612,0.000000,0.000000,0.000000,0.000000,-0.000383,196.086602,0.000000,0.000000,0.000000,80127.321891,0.930460,0.000018,347.220687,9.000000,-8.000012,13.680217,0.002593,12.041594,-28.331140,32.985949,-106.946304,12.041594,-71.957625,19.608660,-0.000383,-196.086602,0.491095,1871.974391,379745.367298,381617.341688,0.000000,2682.507216
164.400000,1738.359997,-483.418242,1932.267717,9.000000,-7.999999,-6.490607,0.364417,-0.763346,-0.392312,-0.361342,-0.119462,-0.366804,0.000000,0.000000,-0.000014,0.002611,0.000000,0.000000,0.000000,0.000000,-0.000485,196.086570,0.000000,0.000000,0.000000,80166.019835,0.930909,0.000018,347.220687,9.000000,-8.000015,13.679473,0.002587,12.041594,-28.325361,32.985906,-106.946214,12.041594,-71.957625,19.608657,-0.000485,-196.086570,0.491095,1871.770842,378981.464226,380853.235069,0.000000,2682.360884
165.000000,1743.759997,-488.218242,1928.373837,9.000000,-7.999999,-6.489041,0.364417,-0.763346,-0.392312,-0.361342,-0.119462,-0.366804,0.000000,0.000000,-0.000017,0.002609,0.000000,0.000000,0.000000,0.000000,-0.000589,196.086537,0.000000,0.000000,0.000000,80204.723556,0.931358,0.000018,347.220687,9.000000,-8.000018,13.678729,0.002580,12.041594,-28.319584,32.985863,-106.946125,12.041594,-71.957625,19.608654,-0.000589,-196.086537,0.491095,1871.567460,378217.745715,380089.313175,0.000000,2682.214666
165.600000,1749.159997,-493.018242,1924.480896,9.000000,-7.999999,-6.487475,0.364417,-0.763346,-0.392312,-0.361342,-0.119462,-0.366804,0.000000,0.000000,-0.000020,0.002608,0.000000,0.000000,0.000000,0.000000,-0.000691,196.086504,0.000000,0.000000,0.000000,80243.433055,0.931808,0.000018,347.220687,9.000000,-8.000022,13.677987,0.002574,12.041594,-28.313810,32.985819,-106.946036,12.041594,-71.957625,19.608650,-0.000691,-196.086504,0.491095,1871.364245,377454.211619,379325.575864,0.000000,2682.068562
166.200000,1754.559997,-497.818241,1920.588895,9.000000,-7.999999,-6.485910,0.364417,-0.763346,-0.392312,-0.361342,-0.119462,-0.366804,0.000000,0.000000,-0.000023,0.002606,0.000000,0.000000,0.000000,0.000000,-0.000789,196.086472,0.000000,0.000000,0.000000,80282.148333,0.932257,0.000018,347.220687,9.000000,-8.000025,13.677244,0.002567,12.041594,-28.308038,32.985776,-106.945946,12.041594,-71.957625,19.608647,-0.000789,-196.086472,0.491095,1871.161196,376690.861793,378562.022989,0.000000,2681.922571
166.800000,1759.959997,-502.618241,1916.697833,9.000000,-7.999999,-6.484346,0.364417,-0.763346,-0.392312,-0.361342,-0.119462,-0.366804,0.000000,0.000000,-0.000026,0.002605,0.000000,0.000000,0.000000,0.000000,-0.000883,196.086440,0.000000,0.000000,0.000000,80320.869392,0.932707,0.000018,347.220687,9.000000,-8.000028,13.676503,0.002561,12.041594,-28.302270,32.985733,-106.945857,12.041594,-71.957625,19.608644,-0.000883,-196.086440,0.491095,1870.958314,375927.696094,377798.654407,0.000000,2681.776694
167.400000,1765.359997,-507.418241,1912.807709,9.000000,-7.999999,-6.482782,0.364417,-0.763346,-0.392312,-0.361342,-0.119462,-0.366804,0.000000,0.000000,-0.000029,0.002603,0.000000,0.000000,0.000000,0.000000,-0.000970,196.086408,0.000000,0.000000,0.000000,80359.596231,0.933157,0.000018,347.220687,9.000000,-8.000030,13.675761,0.002556,12.041594,-28.296504,32.985690,-106.945767,12.041594,-71.957625,19.608641,-0.000970,-196.086408,0.491095,1870.755598,375164.714376,377035.469974,0.000000,2681.630930
168.000000,1770.759997,-512.218241,1908.918522,9.000000,-7.999999,-6.481220,0.364417,-0.763346,-0.392312,-0.361342,-0.119462,-0.366804,0.000000,0.000000,-0.000031,0.002602,0.000000,0.000000,0.000000,0.000000,-0.001047,196.086376,0.000000,0.000000,0.000000,80398.328853,0.933607,0.000018,347.220687,9.000000,-8.000033,13.675021,0.002550,12.041594,-28.290740,32.985647,-106.945678,12.041594,-71.957625,19.608637,-0.001047,-196.086376,0.491095,1870.553050,374401.916496,376272.469545,0.000000,2681.485279
168.600000,1776.159997,-517.018241,1905.030272,9.000000,-7.999999,-6.479659,0.364417,-0.763346,-0.392312,-0.361342,-0.119462,-0.366804,0.000000,0.000000,-0.000033,0.002600,0.000000,0.000000,0.000000,0.000000,-0.001114,196.086344,0.000000,0.000000,0.000000,80437.067258,0.934056,0.000018,347.220687,9.000000,-8.000035,13.674281,0.002546,12.041594,-28.284979,32.985604,-106.945589,12.041594,-71.957625,19.608634,-0.001114,-196.086344,0.491095,1870.350668,373639.302308,375509.652976,0.000000,2681.339743
169.200000,1781.559997,-521.818240,1901.142957,9.000000,-7.999999,-6.478098,0.364417,-0.763346,-0.392312,-0.361342,-0.119462,-0.366804,0.000000,0.000000,-0.000035,0.002599,0.000000,0.000000,0.000000,0.000000,-0.001168,196.086312,0.000000,0.000000,0.000000,80475.811447,0.934506,0.000018,347.220687,9.000000,-8.000037,13.673541,0.002542,12.041594,-28.279221,32.985560,-106.945499,12.041594,-71.957625,19.608631,-0.001168,-196.086312,0.491095,1870.148454,372876.871669,374747.020122,0.000000,2681.194319
169.800000,1786.959997,-526.618240,1897.256578,9.000000,-7.999999,-6.476539,0.364417,-0.763346,-0.392312,-0.361342,-0.119462,-0.366804,0.000000,0.000000,-0.000036,0.002597,0.000000,0.000000,0.000000,0.000000,-0.001208,196.086281,0.000000,0.000000,0.000000,80514.561420,0.934956,0.000018,347.220687,9.000000,-8.000038,13.672803,0.002538,12.041594,-28.273466,32.985517,-106.945410,12.041594,-71.957625,19.608628,-0.001208,-196.086281,0.491095,1869.946407,372114.624433,373984.570839,0.000000,2681.049009
170.400000,1792.359997,-531.418240,1893.371133,9.000000,-7.999999,-6.474980,0.364417,-0.763346,-0.392312,-0.361342,-0.119462,-0.366804,0.000000,0.000000,-0.000036,0.002596,0.000000,0.000000,0.000000,0.000000,-0.001230,196.086249,0.000000,0.000000,0.000000,80553.317180,0.935406,0.000018,347.220687,9.000000,-8.000038,13.672064,0.002536,12.041594,-28.267713,32.985474,-106.945320,12.041594,-71.957625,19.608625,-0.001230,-196.086249,0.491095,1869.744527,371352.560456,373222.304983,0.000000,2680.903813
171.000000,1797.759997,-536.218240,1889.486622,9.000000,-7.999999,-6.473422,0.364417,-0.763346,-0.392312,-0.361342,-0.119462,-0.366804,0.000000,0.000000,-0.000037,0.002595,0.000000,0.000000,0.000000,0.000000,-0.001234,196.086218,0.000000,0.000000,0.000000,80592.078727,0.935856,0.000018,347.220687,9.000000,-8.000039,13.671327,0.002534,12.041594,-28.261963,32.985431,-106.945231,12.041594,-71.957625,19.608622,-0.001234,-196.086218,0.491095,1869.542815,370590.679594,372460.222409,0.000000,2680.758730
171.600000,1803.159997,-541.018240,1885.603043,9.000000,-7.999999,-6.471865,0.364417,-0.763346,-0.392312,-0.361342,-0.119462,-0.366804,0.000000,0.000000,-0.000036,0.002593,0.000000,0.000000,0.000000,0.000000,-0.001218,196.086186,0.000000,0.000000,0.000000,80630.846062,0.936307,0.000018,347.220687,9.000000,-8.000038,13.670590,0.002533,12.041594,-28.256216,32.985388,-106.945141,12.041594,-71.957625,19.608618,-0.001218,-196.086186,0.491095,1869.341271,369828.981702,371698.322973,0.000000,2680.613761
172.200000,1808.559997,-545.818240,1881.720397,9.000000,-7.999999,-6.470309,0.364417,-0.763346,-0.392312,-0.361342,-0.119462,-0.366804,0.000000,0.000000,-0.000035,0.002592,0.000000,0.000000,0.000000,0.000000,-0.001179,196.086155,0.000000,0.000000,0.000000,80669.619186,0.936757,0.000018,347.220687,9.000000,-8.000037,13.669853,0.002534,12.041594,-28.250471,32.985344,-106.945052,12.041594,-71.957625,19.608615,-0.001179,-196.086155,0.491095,1869.139894,369067.466636,370936.606530,0.000000,2680.468905
172.800000,1813.959997,-550.618241,1877.838682,9.000000,-7.999999,-6.468754,0.364417,-0.763346,-0.392312,-0.361342,-0.119462,-0.366804,0.000000,0.000000,-0.000033,0.002590,0.000000,0.000000,0.000000,0.000000,-0.001116,196.086124,0.000000,0.000000,0.000000,80708.398100,0.937207,0.000018,347.220687,9.000000,-8.000035,13.669117,0.002535,12.041594,-28.244729,32.985301,-106.944963,12.041594,-71.957625,19.608612,-0.001116,-196.086124,0.491095,1868.938685,368306.134251,370175.072936,0.000000,2680.324162
173.400000,1819.359997,-555.418241,1873.957898,9.000000,-7.999999,-6.467200,0.364417,-0.763346,-0.392312,-0.361342,-0.119462,-0.366804,0.000000,0.000000,-0.000030,0.002589,0.000000,0.000000,0.000000,0.000000,-0.001027,196.086092,0.000000,0.000000,0.000000,80747.182804,0.937657,0.000018,347.220687,9.000000,-8.000032,13.668382,0.002538,12.041594,-28.238989,32.985258,-106.944873,12.041594,-71.957625,19.608609,-0.001027,-196.086092,0.491095,1868.737645,367544.984402,369413.722047,0.000000,2680.179533
174.000000,1824.759997,-560.218241,1870.078044,9.000000,-7.999999,-6.465646,0.364417,-0.763346,-0.392312,-0.361342,-0.119462,-0.366804,0.000000,0.000000,-0.000027,0.002587,0.000000,0.000000,0.000000,0.000000,-0.000909,196.086061,0.000000,0.000000,0.000000,80785.973301,0.938108,0.000018,347.220687,9.000000,-8.000028,13.667647,0.002543,12.041594,-28.233252,32.985215,-106.944784,12.041594,-71.957625,19.608606,-0.000909,-196.086061,0.491095,1868.536772,366784.016946,368652.553718,0.000000,2680.035017
174.600000,1830.159997,-565.018241,1866.199119,9.000000,-7.999999,-6.464094,0.364417,-0.763346,-0.392312,-0.361342,-0.119462,-0.366804,0.000000,0.000000,-0.000023,0.002586,0.000000,0.000000,0.000000,0.000000,-0.000762,196.086030,0.000000,0.000000,0.000000,80824.769591,0.938558,0.000018,347.220687,9.000000,-8.000024,13.666912,0.002549,12.041594,-28.227518,32.985172,-106.944694,12.041594,-71.957625,19.608603,-0.000762,-196.086030,0.491095,1868.336068,366023.231737,367891.567805,0.000000,2679.890615
175.200000,1835.559997,-569.818242,1862.321122,9.000000,-7.999999,-6.462542,0.364417,-0.763346,-0.392312,-0.361342,-0.119462,-0.366804,0.000000,0.000000,-0.000017,0.002584,0.000000,0.000000,0.000000,0.000000,-0.000582,196.085999,0.000000,0.000000,0.000000,80863.571674,0.939009,0.000018,347.220687,9.000000,-8.000018,13.666179,0.002556,12.041594,-28.221786,32.985129,-106.944605,12.041594,-71.957625,19.608600,-0.000582,-196.085999,0.491095,1868.135532,365262.628631,367130.764163,0.000000,2679.746326
175.800000,1840.959997,-574.618242,1858.444053,9.000000,-8.000000,-6.460992,0.364417,-0.763346,-0.392312,-0.361342,-0.119462,-0.366804,0.000000,0.000000,-0.000011,0.002583,0.000000,0.000000,0.000000,0.000000,-0.000369,196.085968,0.000000,0.000000,0.000000,80902.379552,0.939460,0.000018,347.220687,9.000000,-8.000012,13.665446,0.002565,12.041594,-28.216057,32.985085,-106.944516,12.041594,-71.957625,19.608597,-0.000369,-196.085968,0.491095,1867.935165,364502.207484,366370.142649,0.000000,2679.602150
176.400000,1846.359997,-579.418243,1854.567911,9.000000,-8.000000,-6.459442,0.364417,-0.763346,-0.392312,-0.361342,-0.119462,-0.366804,0.000000,0.000000,-0.000004,0.002582,0.000000,0.000000,0.000000,0.000000,-0.000119,196.085937,0.000000,0.000000,0.000000,80941.193226,0.939910,0.000018,347.220687,9.000000,-8.000004,13.664713,0.002576,12.041594,-28.210330,32.985042,-106.944426,12.041594,-71.957625,19.608594,-0.000119,-196.085937,0.491095,1867.734966,363741.968151,365609.703117,0.000000,2679.458088
177.000000,1851.759997,-584.218244,1850.692696,9.000000,-8.000000,-6.457893,0.364417,-0.763346,-0.392312,-0.361342,-0.119462,-0.366804,0.000000,-0.000000,0.000005,0.002580,-0.000000,-0.000000,0.000000,-0.000000,0.000168,196.085905,-0.000000,-0.000000,0.000000,80980.012697,0.940361,0.000018,347.220687,9.000000,-7.999995,13.663981,0.002588,12.041595,-28.204606,32.984999,-106.944337,12.041595,-71.957625,19.608591,0.000168,-196.085905,0.491095,1867.534936,362981.910492,364849.445428,-0.000000,2679.314139
177.600000,1857.159997,-589.018244,1846.818406,9.000000,-8.000001,-6.456345,0.364417,-0.763346,-0.392312,-0.361342,-0.119462,-0.366804,0.000000,-0.000000,0.000015,0.002579,-0.000000,-0.000000,0.000000,-0.000000,0.000489,196.085874,-0.000000,-0.000000,0.000000,81018.837960,0.940812,0.000018,347.220687,9.000000,-7.999985,13.663250,0.002603,12.041595,-28.198885,32.984956,-106.944247,12.041595,-71.957625,19.608588,0.000489,-196.085874,0.491095,1867.335074,362222.034451,364089.369526,-0.000000,2679.170303
178.200000,1862.559997,-593.818245,1842.945043,9.000000,-8.000001,-6.454798,0.364417,-0.763346,-0.392312,-0.361342,-0.119462,-0.366804,0.000000,-0.000000,0.000025,0.002577,-0.000000,-0.000000,0.000000,-0.000000,0.000838,196.085843,-0.000000,-0.000000,0.000000,81057.669010,0.941263,0.000018,347.220687,9.000000,-7.999974,13.662519,0.002618,12.041595,-28.193166,32.984913,-106.944158,12.041595,-71.957625,19.608584,0.000838,-196.085843,0.491095,1867.135379,361462.340041,363329.475420,-0.000000,2679.026578
178.800000,1867.959997,-598.618246,1839.072605,9.000000,-8.000001,-6.453251,0.364417,-0.763346,-0.392312,-0.361342,-0.119462,-0.366804,0.000000,-0.000000,0.000036,0.002576,-0.000000,-0.000000,0.000000,-0.000000,0.001207,196.085812,-0.000000,-0.000000,0.000000,81096.505838,0.941714,0.000018,347.220687,9.000000,-7.999962,13.661789,0.002635,12.041595,-28.187450,32.984870,-106.944069,12.041595,-71.957625,19.608581,0.001207,-196.085812,0.491095,1866.935849,360702.827277,362569.763126,-0.000000,2678.882965
179.400000,1873.359997,-603.418247,1835.201094,9.000000,-8.000002,-6.451706,0.364417,-0.763346,-0.392312,-0.361342,-0.119462,-0.366804,0.000000,-0.000000,0.000047,0.002574,-0.000000,-0.000000,0.000000,-0.000000,0.001589,196.085781,-0.000000,-0.000000,0.000000,81135.348437,0.942165,0.000018,347.220687,9.000000,-7.999950,13.661059,0.002652,12.041596,-28.181737,32.984826,-106.943979,12.041596,-71.957625,19.608578,0.001589,-196.085781,0.491095,1866.736482,359943.496174,361810.232656,-0.000000,2678.739461
180.000000,1878.759997,-608.218248,1831.330509,9.000000,-8.000002,-6.450161,0.364417,-0.763346,-0.392312,-0.361342,-0.119462,-0.366804,0.000000,-0.000000,0.000059,0.002573,-0.000000,-0.000000,0.000000,-0.000000,0.001977,196.085749,-0.000000,-0.000000,0.000000,81174.196801,0.942616,0.000018,347.220687,9.000000,-7.999938,13.660330,0.002670,12.041596,-28.176026,32.984783,-106.943890,12.041596,-71.957625,19.608575,0.001977,-196.085749,0.491095,1866.537278,359184.346746,361050.884024,-0.000000,2678.596065
180.600000,1884.159997,-613.018249,1827.460851,9.000000,-8.000003,-6.448618,0.364417,-0.763346,-0.392312,-0.361342,-0.119462,-0.366804,0.000000,-0.000000,0.000070,0.002572,-0.000000,-0.000000,0.000000,-0.000000,0.002365,196.085718,-0.000000,-0.000000,0.000000,81213.050922,0.943067,0.000018,347.220687,9.000000,-7.999926,13.659602,0.002688,12.041596,-28.170317,32.984740,-106.943800,12.041596,-71.957625,19.608572,0.002365,-196.085718,0.491095,1866.338235,358425.379009,360291.717244,-0.000000,2678.452778
181.200000,1889.559997,-617.818250,1823.592118,9.000000,-8.000003,-6.447075,0.364417,-0.763346,-0.392312,-0.361342,-0.119462,-0.366804,0.000000,-0.000000,0.000081,0.002570,-0.000000,-0.000000,0.000000,-0.000000,0.002744,196.085687,-0.000000,-0.000000,0.000000,81251.910793,0.943519,0.000018,347.220687,9.000000,-7.999914,13.658874,0.002705,12.041597,-28.164612,32.984697,-106.943711,12.041597,-71.957625,19.608569,0.002744,-196.085687,0.491095,1866.139352,357666.592978,359532.732329,-0.000000,2678.309597
181.800000,1894.959997,-622.618250,1819.724313,9.000000,-8.000004,-6.445533,0.364417,-0.763346,-0.392312,-0.361342,-0.119462,-0.366804,0.000000,-0.000000,0.000092,0.002569,-0.000000,-0.000000,0.000000,-0.000000,0.003109,196.085656,-0.000000,-0.000000,0.000000,81290.776407,0.943970,0.000018,347.220687,9.000000,-7.999903,13.658146,0.002721,12.041597,-28.158909,32.984654,-106.943621,12.041597,-71.957625,19.608566,0.003109,-196.085656,0.491095,1865.940626,356907.988667,358773.929294,-0.000000,2678.166521
182.400000,1900.359997,-627.418251,1815.857434,9.000000,-8.000004,-6.443992,0.364417,-0.763346,-0.392312,-0.361342,-0.119462,-0.366804,0.000000,-0.000000,0.000102,0.002567,-0.000000,-0.000000,0.000000,-0.000000,0.003451,196.085624,-0.000000,-0.000000,0.000000,81329.647756,0.944421,0.000018,347.220687,9.000000,-7.999892,13.657419,0.002737,12.041597,-28.153209,32.984611,-106.943532,12.041597,-71.957625,19.608563,0.003451,-196.085624,0.491095,1865.742058,356149.566093,358015.308150,-0.000000,2678.023550
183.000000,1905.759997,-632.218252,1811.991482,9.000000,-8.000004,-6.442452,0.364417,-0.763346,-0.392312,-0.361342,-0.119462,-0.366804,0.000000,-0.000000,0.000112,0.002566,-0.000000,-0.000000,0.000000,-0.000000,0.003763,196.085593,-0.000000,-0.000000,0.000000,81368.524833,0.944873,0.000018,347.220687,9.000000,-7.999882,13.656693,0.002750,12.041597,-28.147511,32.984567,-106.943443,12.041597,-71.957625,19.608560,0.003763,-196.085593,0.491095,1865.543644,355391.325269,357256.868913,-0.000000,2677.880683
183.600000,1911.159997,-637.018253,1808.126456,9.000000,-8.000005,-6.440913,0.364417,-0.763346,-0.392312,-0.361342,-0.119462,-0.366804,0.000000,-0.000000,0.000120,0.002564,-0.000000,-0.000000,0.000000,-0.000000,0.004039,196.085562,-0.000000,-0.000000,0.000000,81407.407631,0.945324,0.000018,347.220687,9.000000,-7.999874,13.655967,0.002763,12.041598,-28.141816,32.984524,-106.943353,12.041598,-71.957625,19.608557,0.004039,-196.085562,0.491095,1865.345385,354633.266211,356498.611596,-0.000000,2677.737918
184.200000,1916.559997,-641.818253,1804.262357,9.000000,-8.000005,-6.439374,0.364417,-0.763346,-0.392312,-0.361342,-0.119462,-0.366804,0.000000,-0.000000,0.000127,0.002563,-0.000000,-0.000000,0.000000,-0.000000,0.004272,196.085530,-0.000000,-0.000000,0.000000,81446.296143,0.945776,0.000018,347.220687,9.000000,-7.999866,13.655241,0.002773,12.041598,-28.136124,32.984481,-106.943264,12.041598,-71.957625,19.608554,0.004272,-196.085530,0.491095,1865.147278,353875.388934,355740.536211,-0.000000,2677.595255
184.800000,1921.959997,-646.618254,1800.399186,9.000000,-8.000005,-6.437837,0.364417,-0.763346,-0.392312,-0.361342,-0.119462,-0.366804,0.000000,-0.000000,0.000132,0.002562,-0.000000,-0.000000,0.000000,-0.000000,0.004454,196.085499,-0.000000,-0.000000,0.000000,81485.190361,0.946227,0.000018,347.220687,9.000000,-7.999861,13.654517,0.002780,12.041598,-28.130435,32.984438,-106.943174,12.041598,-71.957625,19.608551,0.004454,-196.085499,0.491095,1864.949321,353117.693453,354982.642774,-0.000000,2677.452692
185.400000,1927.359997,-651.418254,1796.536941,9.000000,-8.000005,-6.436300,0.364417,-0.763346,-0.392312,-0.361342,-0.119462,-0.366804,0.000000,-0.000000,0.000136,0.002560,-0.000000,-0.000000,0.000000,-0.000000,0.004578,196.085467,-0.000000,-0.000000,0.000000,81524.090279,0.946679,0.000018,347.220687,9.000000,-7.999857,13.653792,0.002785,12.041598,-28.124748,32.984395,-106.943085,12.041598,-71.957625,19.608548,0.004578,-196.085467,0.491095,1864.751515,352360.179782,354224.931297,-0.000000,2677.310228
186.000000,1932.759997,-656.218254,1792.675623,9.000000,-8.000005,-6.434764,0.364417,-0.763346,-0.392312,-0.361342,-0.119462,-0.366804,0.000000,-0.000000,0.000138,0.002559,-0.000000,-0.000000,0.000000,-0.000000,0.004637,196.085436,-0.000000,-0.000000,0.000000,81562.995889,0.947131,0.000018,347.220687,9.000000,-7.999855,13.653068,0.002786,12.041598,-28.119064,32.984352,-106.942996,12.041598,-71.957625,19.608545,0.004637,-196.085436,0.491095,1864.553857,351602.847938,353467.401795,-0.000000,2677.167863
186.600000,1938.159997,-661.018254,1788.815232,9.000000,-8.000005,-6.433229,0.364417,-0.763346,-0.392312,-0.361342,-0.119462,-0.366804,0.000000,-0.000000,0.000137,0.002557,-0.000000,-0.000000,0.000000,-0.000000,0.004624,196.085404,-0.000000,-0.000000,0.000000,81601.907184,0.947583,0.000018,347.220687,9.000000,-7.999855,13.652345,0.002784,12.041598,-28.113383,32.984308,-106.942906,12.041598,-71.957625,19.608541,0.004624,-196.085404,0.491095,1864.356345,350845.697934,352710.054280,-0.000000,2677.025595
187.200000,1943.559997,-665.818254,1784.955769,9.000000,-8.000005,-6.431695,0.364417,-0.763346,-0.392312,-0.361342,-0.119462,-0.366804,0.000000,-0.000000,0.000134,0.002556,-0.000000,-0.000000,0.000000,-0.000000,0.004532,196.085373,-0.000000,-0.000000,0.000000,81640.824156,0.948035,0.000018,347.220687,9.000000,-7.999858,13.651622,0.002778,12.041598,-28.107704,32.984265,-106.942817,12.041598,-71.957625,19.608538,0.004532,-196.085373,0.491095,1864.158979,350088.729787,351952.888766,-0.000000,2676.883424
187.800000,1948.959997,-670.618253,1781.097233,9.000000,-8.000005,-6.430162,0.364417,-0.763346,-0.392312,-0.361342,-0.119462,-0.366804,0.000000,-0.000000,0.000129,0.002554,-0.000000,-0.000000,0.000000,-0.000000,0.004354,196.085341,-0.000000,-0.000000,0.000000,81679.746799,0.948487,0.000018,347.220687,9.000000,-7.999864,13.650900,0.002768,12.041598,-28.102028,32.984222,-106.942727,12.041598,-71.957625,19.608535,0.004354,-196.085341,0.491095,1863.961757,349331.943510,351195.905267,-0.000000,2676.741348
188.400000,1954.359997,-675.418253,1777.239624,9.000000,-8.000005,-6.428630,0.364417,-0.763346,-0.392312,-0.361342,-0.119462,-0.366804,0.000000,-0.000000,0.000121,0.002553,-0.000000,-0.000000,0.000000,-0.000000,0.004082,196.085309,-0.000000,-0.000000,0.000000,81718.675105,0.948939,0.000018,347.220687,9.000000,-7.999872,13.650178,0.002753,12.041598,-28.096355,32.984179,-106.942638,12.041598,-71.957625,19.608532,0.004082,-196.085309,0.491095,1863.764678,348575.339119,350439.103797,-0.000000,2676.599366
189.000000,1959.759997,-680.218252,1773.382942,9.000000,-8.000004,-6.427099,0.364417,-0.763346,-0.392312,-0.361342,-0.119462,-0.366804,0.000000,-0.000000,0.000110,0.002552,-0.000000,-0.000000,0.000000,-0.000000,0.003710,196.085277,-0.000000,-0.000000,0.000000,81757.609068,0.949391,0.000018,347.220687,9.000000,-7.999884,13.649457,0.002734,12.041597,-28.090685,32.984136,-106.942549,12.041597,-71.957625,19.608528,0.003710,-196.085277,0.491095,1863.567739,347818.916629,349682.484369,-0.000000,2676.457478
189.600000,1965.159997,-685.018251,1769.527188,9.000000,-8.000004,-6.425568,0.364417,-0.763346,-0.392312,-0.361342,-0.119462,-0.366804,0.000000,-0.000000,0.000096,0.002550,-0.000000,-0.000000,0.000000,-0.000000,0.003231,196.085246,-0.000000,-0.000000,0.000000,81796.548679,0.949843,0.000018,347.220687,9.000000,-7.999899,13.648736,0.002709,12.041597,-28.085018,32.984093,-106.942459,12.041597,-71.957625,19.608525,0.003231,-196.085246,0.491095,1863.370941,347062.676055,348926.046996,-0.000000,2676.315682
190.200000,1970.559997,-689.818249,1765.672362,9.000000,-8.000003,-6.424039,0.364417,-0.763346,-0.392312,-0.361342,-0.119462,-0.366804,0.000000,-0.000000,0.000078,0.002549,-0.000000,-0.000000,0.000000,-0.000000,0.002637,196.085214,-0.000000,-0.000000,0.000000,81835.493932,0.950295,0.000018,347.220687,9.000000,-7.999917,13.648015,0.002678,12.041597,-28.079353,32.984049,-106.942370,12.041597,-71.957625,19.608522,0.002637,-196.085214,0.491095,1863.174280,346306.617412,348169.791693,-0.000000,2676.173977
190.800000,1975.959997,-694.618248,1761.818464,9.000000,-8.000002,-6.422510,0.364417,-0.763346,-0.392312,-0.361342,-0.119462,-0.366804,0.000000,-0.000000,0.000057,0.002547,-0.000000,-0.000000,0.000000,-0.000000,0.001921,196.085182,-0.000000,-0.000000,0.000000,81874.444819,0.950748,0.000018,347.220687,9.000000,-7.999940,13.647295,0.002641,12.041596,-28.073692,32.984006,-106.942280,12.041596,-71.957625,19.608519,0.001921,-196.085182,0.491095,1862.977757,345550.740716,347413.718472,-0.000000,2676.032362
191.400000,1981.359997,-699.418246,1757.965493,9.000000,-8.000001,-6.420982,0.364417,-0.763346,-0.392312,-0.361342,-0.119462,-0.366804,0.000000,-0.000000,0.000032,0.002546,-0.000000,-0.000000,0.000000,-0.000000,0.001077,196.085150,-0.000000,-0.000000,0.000000,81913.401334,0.951200,0.000018,347.220687,9.000000,-7.999966,13.646576,0.002599,12.041595,-28.068033,32.983963,-106.942191,12.041595,-71.957625,19.608515,0.001077,-196.085150,0.491095,1862.781369,344795.045980,346657.827349,-0.000000,2675.890837
192.000000,1986.759997,-704.218243,1754.113450,9.000000,-8.000000,-6.419455,0.364417,-0.763346,-0.392312,-0.361342,-0.119462,-0.366804,0.000000,-0.000000,0.000003,0.002544,-0.000000,-0.000000,0.000000,-0.000000,0.000096,196.085118,-0.000000,-0.000000,0.000000,81952.363469,0.951652,0.000018,347.220687,9.000000,-7.999997,13.645857,0.002549,12.041595,-28.062377,32.983920,-106.942102,12.041595,-71.957625,19.608512,0.000096,-196.085118,0.491095,1862.585115,344039.533220,345902.118335,-0.000000,2675.749399
192.600000,1992.159997,-709.018241,1750.262334,9.000000,-7.999999,-6.417929,0.364417,-0.763346,-0.392312,-0.361342,-0.119462,-0.366804,0.000000,0.000000,-0.000030,0.002543,0.000000,0.000000,0.000000,0.000000,-0.001023,196.085086,0.000000,0.000000,0.000000,81991.331219,0.952105,0.000018,347.220687,9.000000,-8.000032,13.645138,0.002493,12.041594,-28.056723,32.983877,-106.942012,12.041594,-71.957625,19.608508,-0.001023,-196.085086,0.491095,1862.388995,343284.202382,345146.591376,0.000000,2675.608049
193.200000,1997.559997,-713.818238,1746.412144,9.000000,-7.999997,-6.416403,0.364417,-0.763346,-0.392312,-0.361342,-0.119462,-0.366804,0.000000,0.000000,-0.000067,0.002541,0.000000,0.000000,0.000000,0.000000,-0.002262,196.085054,0.000000,0.000000,0.000000,82030.304602,0.952557,0.000018,347.220687,9.000000,-8.000071,13.644420,0.002431,12.041593,-28.051073,32.983833,-106.941923,12.041593,-71.957625,19.608505,-0.002262,-196.085054,0.491095,1862.193011,342529.053047,344391.246058,0.000000,2675.466790
193.800000,2002.959997,-718.618235,1742.562877,9.000000,-7.999996,-6.414879,0.364417,-0.763346,-0.392312,-0.361342,-0.119462,-0.366804,0.000000,0.000000,-0.000107,0.002540,0.000000,0.000000,0.000000,0.000000,-0.003594,196.085022,0.000000,0.000000,0.000000,82069.283639,0.953010,0.000018,347.220687,9.000000,-8.000112,13.643702,0.002364,12.041592,-28.045425,32.983790,-106.941833,12.041592,-71.957625,19.608501,-0.003594,-196.085022,0.491095,1861.997168,341774.084680,343636.081847,0.000000,2675.325624
194.400000,2008.359997,-723.418231,1738.714529,9.000000,-7.999994,-6.413355,0.364417,-0.763346,-0.392312,-0.361342,-0.119462,-0.366804,0.000000,0.000000,-0.000148,0.002539,0.000000,0.000000,0.000000,0.000000,-0.004992,196.084990,0.000000,0.000000,0.000000,82108.268352,0.953463,0.000018,347.220687,9.000000,-8.000156,13.642985,0.002294,12.041591,-28.039780,32.983747,-106.941744,12.041591,-71.957625,19.608498,-0.004992,-196.084990,0.491095,1861.801470,341019.296741,342881.098211,0.000000,2675.184554
195.000000,2013.759997,-728.218228,1734.867099,9.000000,-7.999993,-6.411833,0.364417,-0.763346,-0.392312,-0.361342,-0.119462,-0.366804,0.000000,0.000000,-0.000191,0.002537,0.000000,0.000000,0.000000,0.000000,-0.006431,196.084957,0.000000,0.000000,0.000000,82147.258762,0.953916,0.000018,347.220687,9.000000,-8.000201,13.642268,0.002222,12.041590,-28.034138,32.983704,-106.941655,12.041590,-71.957625,19.608494,-0.006431,-196.084957,0.491095,1861.605922,340264.688694,342126.294616,0.000000,2675.043585
195.600000,2019.159997,-733.018225,1731.020583,9.000000,-7.999991,-6.410311,0.364417,-0.763346,-0.392312,-0.361342,-0.119462,-0.366804,0.000000,0.000000,-0.000234,0.002536,0.000000,0.000000,0.000000,0.000000,-0.007883,196.084925,0.000000,0.000000,0.000000,82186.254891,0.954368,0.000018,347.220687,9.000000,-8.000247,13.641552,0.002149,12.041589,-28.028498,32.983661,-106.941565,12.041589,-71.957625,19.608491,-0.007883,-196.084925,0.491095,1861.410529,339510.260001,341371.670529,0.000000,2674.902720
196.200000,2024.559997,-737.818221,1727.174979,9.000000,-7.999989,-6.408790,0.364417,-0.763346,-0.392312,-0.361342,-0.119462,-0.366804,0.000000,0.000000,-0.000277,0.002534,0.000000,0.000000,0.000000,0.000000,-0.009323,196.084893,0.000000,0.000000,0.000000,82225.256762,0.954821,0.000018,347.220687,9.000000,-8.000292,13.640836,0.002077,12.041588,-28.022861,32.983618,-106.941476,12.041588,-71.957625,19.608487,-0.009323,-196.084893,0.491095,1861.215294,338756.010124,340617.225418,0.000000,2674.761961
196.800000,2029.959997,-742.618218,1723.330284,9.000000,-7.999988,-6.407270,0.364417,-0.763346,-0.392312,-0.361342,-0.119462,-0.366804,0.000000,0.000000,-0.000318,0.002533,0.000000,0.000000,0.000000,0.000000,-0.010723,196.084861,0.000000,0.000000,0.000000,82264.264395,0.955274,0.000018,347.220687,9.000000,-8.000336,13.640121,0.002007,12.041587,-28.017227,32.983574,-106.941386,12.041587,-71.957625,19.608484,-0.010723,-196.084861,0.491095,1861.020223,338001.938527,339862.958750,0.000000,2674.621313
197.400000,2035.359997,-747.418215,1719.486495,9.000000,-7.999986,-6.405751,0.364417,-0.763346,-0.392312,-0.361342,-0.119462,-0.366804,0.000000,0.000000,-0.000358,0.002531,0.000000,0.000000,0.000000,0.000000,-0.012057,196.084829,0.000000,0.000000,0.000000,82303.277814,0.955727,0.000018,347.220687,9.000000,-8.000377,13.639407,0.001940,12.041585,-28.011595,32.983531,-106.941297,12.041585,-71.957625,19.608480,-0.012057,-196.084829,0.491095,1860.825319,337248.044672,339108.869990,0.000000,2674.480778
198.000000,2040.759997,-752.218212,1715.643609,9.000000,-7.999985,-6.404232,0.364417,-0.763346,-0.392312,-0.361342,-0.119462,-0.366804,0.000000,0.000000,-0.000394,0.002530,0.000000,0.000000,0.000000,0.000000,-0.013299,196.084797,0.000000,0.000000,0.000000,82342.297039,0.956180,0.000018,347.220687,9.000000,-8.000416,13.638693,0.001878,12.041585,-28.005965,32.983488,-106.941207,12.041585,-71.957625,19.608477,-0.013299,-196.084797,0.491095,1860.630587,336494.328020,338354.958607,0.000000,2674.340361
198.600000,2046.159997,-757.018209,1711.801625,9.000000,-7.999984,-6.402715,0.364417,-0.763346,-0.392312,-0.361342,-0.119462,-0.366804,0.000000,0.000000,-0.000428,0.002528,0.000000,0.000000,0.000000,0.000000,-0.014422,196.084765,0.000000,0.000000,0.000000,82381.322093,0.956634,0.000018,347.220687,9.000000,-8.000451,13.637980,0.001821,12.041584,-28.000338,32.983445,-106.941118,12.041584,-71.957625,19.608474,-0.014422,-196.084765,0.491095,1860.436032,335740.788036,337601.224068,0.000000,2674.200064
199.200000,2051.559997,-761.818207,1707.960538,9.000000,-7.999983,-6.401198,0.364417,-0.763346,-0.392312,-0.361342,-0.119462,-0.366804,0.000000,0.000000,-0.000457,0.002527,0.000000,0.000000,0.000000,0.000000,-0.015400,196.084733,0.000000,0.000000,0.000000,82420.352997,0.957087,0.000018,347.220687,9.000000,-8.000482,13.637267,0.001772,12.041583,-27.994713,32.983402,-106.941029,12.041583,-71.957625,19.608470,-0.015400,-196.084733,0.491095,1860.241657,334987.424181,336847.665838,0.000000,2674.059891
199.800000,2056.959997,-766.618205,1704.120346,9.000000,-7.999982,-6.399682,0.364417,-0.763346,-0.392312,-0.361342,-0.119462,-0.366804,0.000000,0.000000,-0.000481,0.002526,0.000000,0.000000,0.000000,0.000000,-0.016206,196.084701,0.000000,0.000000,0.000000,82459.389773,0.957540,0.000018,347.220687,9.000000,-8.000507,13.636555,0.001731,12.041582,-27.989090,32.983359,-106.940939,12.041582,-71.957625,19.608467,-0.016206,-196.084701,0.491095,1860.047468,334234.235918,336094.283386,0.000000,2673.919845
200.400000,2062.359997,-771.418204,1700.281048,9.000000,-7.999981,-6.398167,0.364417,-0.763346,-0.392312,-0.361342,-0.119462,-0.366804,0.000000,0.000000,-0.000499,0.002524,0.000000,0.000000,0.000000,0.000000,-0.016814,196.084669,0.000000,0.000000,0.000000,82498.432444,0.957993,0.000018,347.220687,9.000000,-8.000526,13.635844,0.001700,12.041582,-27.983470,32.983315,-106.940850,12.041582,-71.957625,19.608464,-0.016814,-196.084669,0.491095,1859.853469,333481.222710,335341.076179,0.000000,2673.779930
201.000000,2067.759997,-776.218203,1696.442639,9.000000,-7.999981,-6.396653,0.364417,-0.763346,-0.392312,-0.361342,-0.119462,-0.366804,0.000000,0.000000,-0.000510,0.002523,0.000000,0.000000,0.000000,0.000000,-0.017197,196.084638,0.000000,0.000000,0.000000,82537.481030,0.958447,0.000018,347.220687,9.000000,-8.000538,13.635133,0.001679,12.041582,-27.977852,32.983272,-106.940760,12.041582,-71.957625,19.608460,-0.017197,-196.084638,0.491095,1859.659664,332728.384019,334588.043682,0.000000,2673.640148
201.600000,2073.159997,-781.018203,1692.605116,9.000000,-7.999980,-6.395140,0.364417,-0.763346,-0.392312,-0.361342,-0.119462,-0.366804,0.000000,0.000000,-0.000514,0.002521,0.000000,0.000000,0.000000,0.000000,-0.017328,196.084606,0.000000,0.000000,0.000000,82576.535554,0.958900,0.000018,347.220687,9.000000,-8.000542,13.634423,0.001672,12.041582,-27.972236,32.983229,-106.940671,12.041582,-71.957625,19.608457,-0.017328,-196.084606,0.491095,1859.466057,331975.719307,333835.185364,0.000000,2673.500504
202.200000,2078.559997,-785.818203,1688.768479,9.000000,-7.999981,-6.393627,0.364417,-0.763346,-0.392312,-0.361342,-0.119462,-0.366804,0.000000,0.000000,-0.000510,0.002520,0.000000,0.000000,0.000000,0.000000,-0.017182,196.084575,0.000000,0.000000,0.000000,82615.596038,0.959354,0.000018,347.220687,9.000000,-8.000538,13.633714,0.001677,12.041582,-27.966622,32.983186,-106.940582,12.041582,-71.957625,19.608454,-0.017182,-196.084575,0.491095,1859.272654,331223.228037,333082.500691,0.000000,2673.361001
202.800000,2083.959997,-790.618204,1684.932723,9.000000,-7.999981,-6.392115,0.364417,-0.763346,-0.392312,-0.361342,-0.119462,-0.366804,0.000000,0.000000,-0.000496,0.002519,0.000000,0.000000,0.000000,0.000000,-0.016731,196.084544,0.000000,0.000000,0.000000,82654.662504,0.959808,0.000018,347.220687,9.000000,-8.000523,13.633005,0.001698,12.041582,-27.961010,32.983143,-106.940492,12.041582,-71.957625,19.608451,-0.016731,-196.084544,0.491095,1859.079458,330470.909672,332329.989130,0.000000,2673.221642
203.400000,2089.359997,-795.418206,1681.097845,9.000000,-7.999982,-6.390605,0.364417,-0.763346,-0.392312,-0.361342,-0.119462,-0.366804,0.000000,0.000000,-0.000473,0.002517,0.000000,0.000000,0.000000,0.000000,-0.015950,196.084513,0.000000,0.000000,0.000000,82693.734972,0.960261,0.000018,347.220687,9.000000,-8.000499,13.632298,0.001735,12.041583,-27.955400,32.983100,-106.940403,12.041583,-71.957625,19.608448,-0.015950,-196.084513,0.491095,1858.886475,329718.763674,331577.650149,0.000000,2673.082430
204.000000,2094.759997,-800.218209,1677.263844,9.000000,-7.999983,-6.389095,0.364417,-0.763346,-0.392312,-0.361342,-0.119462,-0.366804,0.000000,0.000000,-0.000439,0.002516,0.000000,0.000000,0.000000,0.000000,-0.014811,196.084482,0.000000,0.000000,0.000000,82732.813466,0.960715,0.000018,347.220687,9.000000,-8.000463,13.631591,0.001789,12.041583,-27.949792,32.983056,-106.940313,12.041583,-71.957625,19.608445,-0.014811,-196.084482,0.491095,1858.693707,328966.789507,330825.483214,0.000000,2672.943370
204.600000,2100.159997,-805.018212,1673.430716,9.000000,-7.999985,-6.387585,0.364417,-0.763346,-0.392312,-0.361342,-0.119462,-0.366804,0.000000,0.000000,-0.000394,0.002514,0.000000,0.000000,0.000000,0.000000,-0.013289,196.084451,0.000000,0.000000,0.000000,82771.898007,0.961169,0.000018,347.220687,9.000000,-8.000416,13.630884,0.001863,12.041585,-27.944186,32.983013,-106.940224,12.041585,-71.957625,19.608442,-0.013289,-196.084451,0.491095,1858.501161,328214.986631,330073.487792,0.000000,2672.804463
205.200000,2105.559997,-809.818217,1669.598459,9.000000,-7.999987,-6.386077,0.364417,-0.763346,-0.392312,-0.361342,-0.119462,-0.366804,0.000000,0.000000,-0.000337,0.002513,0.000000,0.000000,0.000000,0.000000,-0.011356,196.084421,0.000000,0.000000,0.000000,82810.988617,0.961623,0.000018,347.220687,9.000000,-8.000355,13.630179,0.001956,12.041586,-27.938582,32.982970,-106.940135,12.041586,-71.957625,19.608440,-0.011356,-196.084421,0.491095,1858.308839,327463.354510,329321.663350,0.000000,2672.665714
205.800000,2110.959997,-814.618222,1665.767069,9.000000,-7.999990,-6.384570,0.364417,-0.763346,-0.392312,-0.361342,-0.119462,-0.366804,0.000000,0.000000,-0.000267,0.002512,0.000000,0.000000,0.000000,0.000000,-0.008987,196.084390,0.000000,0.000000,0.000000,82850.085317,0.962077,0.000018,347.220687,9.000000,-8.000281,13.629474,0.002071,12.041588,-27.932980,32.982927,-106.940045,12.041588,-71.957625,19.608437,-0.008987,-196.084390,0.491095,1858.116748,326711.892607,328570.009355,0.000000,2672.527126
206.400000,2116.359997,-819.418229,1661.936545,9.000000,-7.999993,-6.383063,0.364417,-0.763346,-0.392312,-0.361342,-0.119462,-0.366804,0.000000,0.000000,-0.000183,0.002510,0.000000,0.000000,0.000000,0.000000,-0.006154,196.084360,0.000000,0.000000,0.000000,82889.188130,0.962531,0.000018,347.220687,9.000000,-8.000193,13.628770,0.002208,12.041590,-27.927379,32.982884,-106.939956,12.041590,-71.957625,19.608435,-0.006154,-196.084360,0.491095,1857.924890,325960.600384,327818.525274,0.000000,2672.388702
207.000000,2121.759997,-824.218237,1658.106883,9.000000,-7.999997,-6.381557,0.364417,-0.763346,-0.392312,-0.361342,-0.119462,-0.366804,0.000000,0.000000,-0.000084,0.002509,0.000000,0.000000,0.000000,0.000000,-0.002832,196.084330,0.000000,0.000000,0.000000,82928.297077,0.962985,0.000018,347.220687,9.000000,-8.000089,13.628067,0.002370,12.041592,-27.921780,32.982841,-106.939866,12.041592,-71.957625,19.608432,-0.002832,-196.084330,0.491095,1857.733272,325209.477303,327067.210575,0.000000,2672.250446
207.600000,2127.159997,-829.018245,1654.278081,9.000000,-8.000001,-6.380052,0.364417,-0.763346,-0.392312,-0.361342,-0.119462,-0.366804,0.000000,-0.000000,0.000030,0.002507,-0.000000,-0.000000,0.000000,-0.000000,0.001006,196.084301,-0.000000,-0.000000,0.000000,82967.412180,0.963439,0.000018,347.220687,9.000000,-7.999969,13.627365,0.002557,12.041595,-27.916183,32.982797,-106.939777,12.041595,-71.957625,19.608430,0.001006,-196.084301,0.491095,1857.541896,324458.522842,326316.064738,-0.000000,2672.112361
208.200000,2132.559997,-833.818255,1650.450145,9.000000,-8.000006,-6.378548,0.364417,-0.763346,-0.392312,-0.361342,-0.119462,-0.366804,0.000000,-0.000000,0.000156,0.002506,-0.000000,-0.000000,0.000000,-0.000000,0.005275,196.084271,-0.000000,-0.000000,0.000000,83006.533365,0.963894,0.000018,347.220687,9.000000,-7.999835,13.626664,0.002765,12.041599,-27.910588,32.982754,-106.939688,12.041599,-71.957625,19.608428,0.005275,-196.084271,0.491095,1857.350748,323707.738275,325565.089023,-0.000000,2671.974436
208.800000,2137.959997,-838.618266,1646.623099,9.000000,-8.000011,-6.377044,0.364417,-0.763346,-0.392312,-0.361342,-0.119462,-0.366804,0.000000,-0.000000,0.000287,0.002505,-0.000000,-0.000000,0.000000,-0.000000,0.009680,196.084242,-0.000000,-0.000000,0.000000,83045.660376,0.964348,0.000018,347.220687,9.000000,-7.999697,13.625963,0.002979,12.041602,-27.904995,32.982711,-106.939598,12.041602,-71.957625,19.608426,0.009680,-196.084242,0.491095,1857.159777,322957.128371,324814.288148,-0.000000,2671.836632
209.400000,2143.359997,-843.418276,1642.796971,9.000000,-8.000016,-6.375542,0.364417,-0.763346,-0.392312,-0.361342,-0.119462,-0.366804,0.000000,-0.000000,0.000412,0.002503,-0.000000,-0.000000,0.000000,-0.000000,0.013900,196.084213,-0.000000,-0.000000,0.000000,83084.792938,0.964802,0.000018,347.220687,9.000000,-7.999565,13.625263,0.003185,12.041605,-27.899405,32.982668,-106.939509,12.041605,-71.957625,19.608424,0.013900,-196.084213,0.491095,1856.968926,322206.698304,324063.667230,-0.000000,2671.698906
210.000000,2148.759997,-848.218284,1638.971786,9.000000,-8.000020,-6.374040,0.364417,-0.763346,-0.392312,-0.361342,-0.119462,-0.366804,0.000000,-0.000000,0.000522,0.002502,-0.000000,-0.000000,0.000000,-0.000000,0.017615,196.084183,-0.000000,-0.000000,0.000000,83123.930772,0.965257,0.000018,347.220687,9.000000,-7.999449,13.624563,0.003366,12.041608,-27.893819,32.982625,-106.939419,12.041608,-71.957625,19.608422,0.017615,-196.084183,0.491095,1856.778140,321456.453244,323313.231384,-0.000000,2671.561217
210.600000,2154.159997,-853.018291,1635.147570,9.000000,-8.000023,-6.372539,0.364417,-0.763346,-0.392312,-0.361342,-0.119462,-0.366804,0.000000,-0.000000,0.000608,0.002501,-0.000000,-0.000000,0.000000,-0.000000,0.020503,196.084153,-0.000000,-0.000000,0.000000,83163.073602,0.965711,0.000018,347.220687,9.000000,-7.999358,13.623862,0.003506,12.041610,-27.888236,32.982582,-106.939330,12.041610,-71.957625,19.608419,0.020503,-196.084153,0.491095,1856.587362,320706.398366,322562.985728,-0.000000,2671.423522
211.200000,2159.559997,-857.818295,1631.324351,9.000000,-8.000025,-6.371039,0.364417,-0.763346,-0.392312,-0.361342,-0.119462,-0.366804,0.000000,-0.000000,0.000660,0.002499,-0.000000,-0.000000,0.000000,-0.000000,0.022244,196.084123,-0.000000,-0.000000,0.000000,83202.221151,0.966166,0.000018,347.220687,9.000000,-7.999304,13.623162,0.003590,12.041611,-27.882658,32.982538,-106.939241,12.041611,-71.957625,19.608417,0.022244,-196.084123,0.491095,1856.396537,319956.538841,321812.935377,-0.000000,2671.285780
211.800000,2164.959997,-862.618296,1627.502153,9.000000,-8.000026,-6.369540,0.364417,-0.763346,-0.392312,-0.361342,-0.119462,-0.366804,0.000000,-0.000000,0.000668,0.002498,-0.000000,-0.000000,0.000000,-0.000000,0.022518,196.084092,-0.000000,-0.000000,0.000000,83241.373142,0.966621,0.000018,347.220687,9.000000,-7.999295,13.622461,0.003602,12.041612,-27.877084,32.982495,-106.939151,12.041612,-71.957625,19.608414,0.022518,-196.084092,0.491095,1856.205608,319206.879841,321063.085449,-0.000000,2671.147947
212.400000,2170.359997,-867.418292,1623.681005,9.000000,-8.000024,-6.368042,0.364417,-0.763346,-0.392312,-0.361342,-0.119462,-0.366804,0.000000,-0.000000,0.000623,0.002496,-0.000000,-0.000000,0.000000,-0.000000,0.021004,196.084060,-0.000000,-0.000000,0.000000,83280.529298,0.967075,0.000018,347.220687,9.000000,-7.999343,13.621760,0.003526,12.041610,-27.871517,32.982452,-106.939062,12.041610,-71.957625,19.608410,0.021004,-196.084060,0.491095,1856.014520,318457.426540,320313.441059,-0.000000,2671.009982
213.000000,2175.759997,-872.218284,1619.860932,9.000000,-8.000020,-6.366545,0.364417,-0.763346,-0.392312,-0.361342,-0.119462,-0.366804,0.000000,-0.000000,0.000515,0.002495,-0.000000,-0.000000,0.000000,-0.000000,0.017381,196.084027,-0.000000,-0.000000,0.000000,83319.689343,0.967530,0.000018,347.220687,9.000000,-7.999456,13.621058,0.003347,12.041608,-27.865955,32.982409,-106.938972,12.041608,-71.957625,19.608406,0.017381,-196.084027,0.491095,1855.823216,317708.184108,319564.007325,-0.000000,2670.871842
213.600000,2181.159997,-877.018270,1616.041960,9.000000,-8.000013,-6.365049,0.364417,-0.763346,-0.392312,-0.361342,-0.119462,-0.366804,0.000000,-0.000000,0.000336,0.002494,-0.000000,-0.000000,0.000000,-0.000000,0.011329,196.083993,-0.000000,-0.000000,0.000000,83358.852998,0.967985,0.000018,347.220687,9.000000,-7.999646,13.620354,0.003049,12.041603,-27.860401,32.982366,-106.938883,12.041603,-71.957625,19.608402,0.011329,-196.083993,0.491095,1855.631642,316959.157720,318814.789361,-0.000000,2670.733486
214.200000,2186.559997,-881.818249,1612.224116,9.000000,-8.000003,-6.363554,0.364417,-0.763346,-0.392312,-0.361342,-0.119462,-0.366804,0.000000,-0.000000,0.000075,0.002492,-0.000000,-0.000000,0.000000,-0.000000,0.002527,196.083958,-0.000000,-0.000000,0.000000,83398.019988,0.968440,0.000018,347.220687,9.000000,-7.999921,13.619650,0.002616,12.041596,-27.854853,32.982322,-106.938794,12.041596,-71.957625,19.608396,0.002527,-196.083958,0.491095,1855.439740,316210.352547,318065.792286,-0.000000,2670.594871
214.800000,2191.959997,-886.618226,1608.407381,9.000000,-7.999991,-6.362060,0.364417,-0.763346,-0.392312,-0.361342,-0.119462,-0.366804,0.000000,0.000000,-0.000223,0.002491,0.000000,0.000000,0.000000,0.000000,-0.007526,196.083924,0.000000,0.000000,0.000000,83437.190500,0.968895,0.000018,347.220687,9.000000,-8.000235,13.618945,0.002121,12.041589,-27.849310,32.982279,-106.938704,12.041589,-71.957625,19.608391,-0.007526,-196.083924,0.491095,1855.247779,315461.764878,317317.012656,0.000000,2670.456215
215.400000,2197.359997,-891.418238,1604.591358,9.000000,-7.999998,-6.360566,0.364417,-0.763346,-0.392312,-0.361342,-0.119462,-0.366804,0.000000,0.000000,-0.000064,0.002490,0.000000,0.000000,0.000000,0.000000,-0.002153,196.083909,0.000000,0.000000,0.000000,83476.368599,0.969350,0.000018,347.220687,9.000000,-8.000067,13.618251,0.002384,12.041593,-27.843747,32.982236,-106.938615,12.041593,-71.957625,19.608390,-0.002153,-196.083909,0.491095,1855.058735,314713.316887,316568.375622,0.000000,2670.319915
216.000000,2202.759997,-896.218153,1600.775759,9.000000,-7.999867,-6.359073,0.364417,-0.763346,-0.392312,-0.361342,-0.119462,-0.366804,0.000000,0.000000,-0.000345,0.002487,0.000000,0.000000,0.000000,0.000000,-0.011623,196.083842,0.000000,0.000000,0.000000,83515.557237,0.969805,0.000018,347.220687,9.000000,-8.000243,13.617477,0.001548,12.041506,-27.838363,32.982193,-106.938525,12.041506,-71.957625,19.608380,-0.011623,-196.083842,0.491095,1854.847864,313964.952035,315819.799899,0.000000,2670.167188
216.600000,2208.159997,-901.015820,1596.960944,9.000000,-7.992931,-6.357575,0.364417,-0.763346,-0.392312,-0.361342,-0.119462,-0.366804,0.000000,-0.000000,0.018785,0.002506,-0.000000,-0.000000,0.000000,-0.000000,0.633360,196.084501,-0.000000,-0.000000,0.000000,83554.752717,0.970260,0.000018,347.220687,9.000000,-7.972396,13.612704,0.018957,12.036899,-27.841841,32.982150,-106.938436,12.036899,-71.957625,19.608553,0.633360,-196.084501,0.491095,1853.548116,313216.740901,315070.289017,-0.000000,2669.240208
217.200000,2213.559997,-905.806786,1593.146851,9.000000,-7.976575,-6.356061,0.364417,-0.763346,-0.392312,-0.361342,-0.119462,-0.366804,0.000000,0.000000,0.035567,0.002541,0.000000,0.000000,0.000000,0.000000,1.199445,196.085693,0.000000,0.000000,0.000000,83593.955675,0.970715,0.000018,347.220687,9.000000,-7.937696,13.602399,0.035657,12.026045,-27.857553,32.982107,-106.938347,12.026045,-71.957625,19.608936,1.199445,-196.085693,0.491095,1850.743716,312468.671244,314319.414960,0.000000,2667.235856
217.800000,2218.959997,-910.585478,1589.333671,9.000000,-7.952365,-6.354536,0.364417,-0.763346,-0.392312,-0.361342,-0.119462,-0.366804,0.000000,0.000000,0.045136,0.002544,0.000000,0.000000,0.000000,0.000000,1.522421,196.085815,0.000000,0.000000,0.000000,83633.164123,0.971170,0.000018,347.220687,9.000000,-7.903028,13.587503,0.045206,12.010000,-27.883486,32.982064,-106.938257,12.010000,-71.957625,19.609171,1.522421,-196.085815,0.491095,1846.693561,311720.780910,313567.474470,0.000000,2664.316634
218.400000,2224.359997,-915.348775,1585.521404,9.000000,-7.923192,-6.353014,0.364417,-0.763346,-0.392312,-0.361342,-0.119462,-0.366804,0.000000,0.000000,0.050151,0.002525,0.000000,0.000000,0.000000,0.000000,1.691883,196.085193,0.000000,0.000000,0.000000,83672.378070,0.971626,0.000018,347.220687,9.000000,-7.868376,13.569737,0.050214,11.990703,-27.915910,32.982021,-106.938168,11.990703,-71.957625,19.609249,1.691883,-196.085193,0.491095,1841.868686,310973.069588,312814.938274,0.000000,2660.824476
219.000000,2229.759997,-920.093813,1581.710048,9.000000,-7.891710,-6.351503,0.364417,-0.763346,-0.392312,-0.361342,-0.119462,-0.366804,0.000000,-0.000000,0.053050,0.002509,-0.000000,-0.000000,0.000000,-0.000000,1.790038,196.084676,-0.000000,-0.000000,0.000000,83711.597532,0.972081,0.000018,347.220687,9.000000,-7.833728,13.550671,0.053109,11.969925,-27.951398,32.981978,-106.938078,11.969925,-71.957625,19.609285,1.790038,-196.084676,0.491095,1836.697977,310225.536880,312062.234857,-0.000000,2657.078965
219.600000,2235.159997,-924.819257,1577.899598,9.000000,-7.859140,-6.350003,0.364417,-0.763346,-0.392312,-0.361342,-0.119462,-0.366804,0.000000,0.000000,0.054947,0.002503,0.000000,0.000000,0.000000,0.000000,1.854387,196.084470,0.000000,0.000000,0.000000,83750.822553,0.972537,0.000018,347.220687,9.000000,-7.799087,13.531024,0.055003,11.948476,-27.988356,32.981936,-106.937989,11.948476,-71.957625,19.609324,1.854387,-196.084470,0.491095,1831.377209,309478.181812,311309.559021,0.000000,2653.223668
220.200000,2240.559997,-929.524682,1574.090047,9.000000,-7.825867,-6.348508,0.364417,-0.763346,-0.392312,-0.361342,-0.119462,-0.366804,0.000000,-0.000000,0.056193,0.002499,-0.000000,-0.000000,0.000000,-0.000000,1.896812,196.084349,-0.000000,-0.000000,0.000000,83790.053185,0.972992,0.000018,347.220687,9.000000,-7.764455,13.511023,0.056248,11.926617,-28.026258,32.981893,-106.937900,11.926617,-71.957625,19.609352,1.896812,-196.084349,0.491095,1825.968524,308731.003271,310556.971795,-0.000000,2649.300147
220.800000,2245.959997,-934.209935,1570.281393,9.000000,-7.792040,-6.347014,0.364417,-0.763346,-0.392312,-0.361342,-0.119462,-0.366804,0.000000,0.000000,0.056925,0.002491,0.000000,0.000000,0.000000,0.000000,1.921887,196.084117,0.000000,0.000000,0.000000,83829.289465,0.973448,0.000018,347.220687,9.000000,-7.729831,13.490755,0.056979,11.904448,-28.064898,32.981851,-106.937810,11.904448,-71.957625,19.609353,1.921887,-196.084117,0.491095,1820.495855,307984.000431,309804.496285,0.000000,2645.322815
221.400000,2251.359997,-938.874821,1566.473632,9.000000,-7.757841,-6.345522,0.364417,-0.763346,-0.392312,-0.361342,-0.119462,-0.366804,0.000000,-0.000000,0.057309,0.002483,-0.000000,-0.000000,0.000000,-0.000000,1.935219,196.083844,-0.000000,-0.000000,0.000000,83868.531406,0.973903,0.000018,347.220687,9.000000,-7.695215,13.470329,0.057363,11.882091,-28.104039,32.981809,-106.937721,11.882091,-71.957625,19.609339,1.935219,-196.083844,0.491095,1814.988608,307237.172943,309052.161551,-0.000000,2641.313797
222.000000,2256.759997,-943.519119,1562.666765,9.000000,-7.723479,-6.344034,0.364417,-0.763346,-0.392312,-0.361342,-0.119462,-0.366804,0.000000,-0.000000,0.057537,0.002478,-0.000000,-0.000000,0.000000,-0.000000,1.943285,196.083687,-0.000000,-0.000000,0.000000,83907.779010,0.974359,0.000018,347.220687,9.000000,-7.660607,13.449866,0.057590,11.859685,-28.143411,32.981768,-106.937631,11.859685,-71.957625,19.609332,1.943285,-196.083687,0.491095,1809.480163,306490.520635,308300.000798,-0.000000,2637.299394
222.600000,2262.159997,-948.142771,1558.860790,9.000000,-7.689012,-6.342549,0.364417,-0.763346,-0.392312,-0.361342,-0.119462,-0.366804,0.000000,0.000000,0.057661,0.002475,0.000000,0.000000,0.000000,0.000000,1.947845,196.083597,0.000000,0.000000,0.000000,83947.032285,0.974815,0.000018,347.220687,9.000000,-7.626007,13.429402,0.057714,11.837268,-28.182935,32.981726,-106.937542,11.837268,-71.957625,19.609327,1.947845,-196.083597,0.491095,1803.979472,305744.043232,307548.022704,0.000000,2633.285452
223.200000,2267.559997,-952.745741,1555.055705,9.000000,-7.654476,-6.341065,0.364417,-0.763346,-0.392312,-0.361342,-0.119462,-0.366804,0.000000,0.000000,0.057714,0.002472,0.000000,0.000000,0.000000,0.000000,1.949999,196.083520,0.000000,0.000000,0.000000,83986.291239,0.975271,0.000018,347.220687,9.000000,-7.591415,13.408956,0.057766,11.814863,-28.222559,32.981685,-106.937453,11.814863,-71.957625,19.609322,1.949999,-196.083520,0.491095,1798.492092,304997.740496,306796.232588,0.000000,2629.275287
223.800000,2272.959997,-957.328000,1551.251510,9.000000,-7.619899,-6.339582,0.364417,-0.763346,-0.392312,-0.361342,-0.119462,-0.366804,0.000000,-0.000000,0.057722,0.002470,-0.000000,-0.000000,0.000000,-0.000000,1.950657,196.083457,-0.000000,-0.000000,0.000000,84025.555870,0.975727,0.000018,347.220687,9.000000,-7.556832,13.388546,0.057775,11.792492,-28.262242,32.981643,-106.937363,11.792492,-71.957625,19.609316,1.950657,-196.083457,0.491095,1793.022624,304251.612334,306044.634958,-0.000000,2625.272303
224.400000,2278.359997,-961.889523,1547.448204,9.000000,-7.585307,-6.338100,0.364417,-0.763346,-0.392312,-0.361342,-0.119462,-0.366804,0.000000,-0.000000,0.057709,0.002468,-0.000000,-0.000000,0.000000,-0.000000,1.950604,196.083414,-0.000000,-0.000000,0.000000,84064.826178,0.976183,0.000018,347.220687,9.000000,-7.522256,13.368186,0.057762,11.770169,-28.301951,32.981602,-106.937274,11.770169,-71.957625,19.609312,1.950604,-196.083414,0.491095,1787.575017,303505.658641,305293.233658,-0.000000,2621.279509
225.000000,2283.759997,-966.430310,1543.645787,9.000000,-7.550714,-6.336620,0.364417,-0.763346,-0.392312,-0.361342,-0.119462,-0.366804,0.000000,-0.000000,0.057688,0.002466,-0.000000,-0.000000,0.000000,-0.000000,1.950267,196.083382,-0.000000,-0.000000,0.000000,84104.102166,0.976639,0.000018,347.220687,9.000000,-7.487689,13.347885,0.057741,11.747905,-28.341666,32.981561,-106.937184,11.747905,-71.957625,19.609308,1.950267,-196.083382,0.491095,1782.151348,302759.879183,304542.030531,-0.000000,2617.298369
225.600000,2289.159997,-970.950362,1539.844257,9.000000,-7.516129,-6.335140,0.364417,-0.763346,-0.392312,-0.361342,-0.119462,-0.366804,0.000000,0.000000,0.057668,0.002465,0.000000,0.000000,0.000000,0.000000,1.949943,196.083352,0.000000,0.000000,0.000000,84143.383836,0.977095,0.000018,347.220687,9.000000,-7.453130,13.327648,0.057721,11.725707,-28.381372,32.981521,-106.937095,11.725707,-71.957625,19.609305,1.949943,-196.083352,0.491095,1776.753030,302014.273731,303791.026761,0.000000,2613.329841
226.200000,2294.559997,-975.449674,1536.043615,9.000000,-7.481555,-6.333661,0.364417,-0.763346,-0.392312,-0.361342,-0.119462,-0.366804,0.000000,0.000000,0.057649,0.002464,0.000000,0.000000,0.000000,0.000000,1.949683,196.083322,0.000000,0.000000,0.000000,84182.671189,0.977551,0.000018,347.220687,9.000000,-7.418578,13.307476,0.057702,11.703575,-28.421064,32.981481,-106.937005,11.703575,-71.957625,19.609301,1.949683,-196.083322,0.491095,1771.380292,301268.842251,303040.222544,0.000000,2609.374119
226.800000,2299.959997,-979.928240,1532.243859,9.000000,-7.446989,-6.332183,0.364417,-0.763346,-0.392312,-0.361342,-0.119462,-0.366804,0.000000,0.000000,0.057631,0.002462,0.000000,0.000000,0.000000,0.000000,1.949452,196.083291,0.000000,0.000000,0.000000,84221.964225,0.978008,0.000018,347.220687,9.000000,-7.384035,13.287370,0.057684,11.681509,-28.460745,32.981440,-106.936916,11.681509,-71.957625,19.609298,1.949452,-196.083291,0.491095,1766.032974,300523.584776,302289.617750,0.000000,2605.431149
227.400000,2305.359997,-984.386052,1528.444991,9.000000,-7.412432,-6.330706,0.364417,-0.763346,-0.392312,-0.361342,-0.119462,-0.366804,0.000000,0.000000,0.057613,0.002461,0.000000,0.000000,0.000000,0.000000,1.949219,196.083262,0.000000,0.000000,0.000000,84261.262947,0.978464,0.000018,347.220687,9.000000,-7.349500,13.267328,0.057666,11.659509,-28.500413,32.981400,-106.936827,11.659509,-71.957625,19.609295,1.949219,-196.083262,0.491095,1760.710915,299778.501335,301539.212250,0.000000,2601.500875
228.000000,2310.759997,-988.823109,1524.647009,9.000000,-7.377882,-6.329229,0.364417,-0.763346,-0.392312,-0.361342,-0.119462,-0.366804,0.000000,-0.000000,0.057595,0.002460,-0.000000,-0.000000,0.000000,-0.000000,1.948957,196.083233,-0.000000,-0.000000,0.000000,84300.567352,0.978920,0.000018,347.220687,9.000000,-7.314973,13.247350,0.057647,11.637575,-28.540069,32.981360,-106.936737,11.637575,-71.957625,19.609292,1.948957,-196.083233,0.491095,1755.413978,299033.591907,300789.005885,-0.000000,2597.583259
228.600000,2316.159997,-993.239443,1520.849914,9.000000,-7.343339,-6.327754,0.364417,-0.763346,-0.392312,-0.361342,-0.119462,-0.366804,0.000000,-0.000000,0.057575,0.002458,-0.000000,-0.000000,0.000000,-0.000000,1.948676,196.083206,-0.000000,-0.000000,0.000000,84339.877430,0.979377,0.000018,347.220687,9.000000,-7.280454,13.227438,0.057628,11.615706,-28.579711,32.981321,-106.936648,11.615706,-71.957625,19.609289,1.948676,-196.083206,0.491095,1750.142153,298288.856172,300038.998325,-0.000000,2593.678353
229.200000,2321.559997,-997.635100,1517.053702,9.000000,-7.308804,-6.326279,0.364417,-0.763346,-0.392312,-0.361342,-0.119462,-0.366804,0.000000,-0.000000,0.057556,0.002457,-0.000000,-0.000000,0.000000,-0.000000,1.948398,196.083179,-0.000000,-0.000000,0.000000,84379.193168,0.979833,0.000018,347.220687,9.000000,-7.245943,13.207590,0.057609,11.593905,-28.619337,32.981281,-106.936558,11.593905,-71.957625,19.609286,1.948398,-196.083179,0.491095,1744.895477,297544.293710,299289.189186,-0.000000,2589.786242
229.800000,2326.959997,-1002.010124,1513.258371,9.000000,-7.274279,-6.324805,0.364417,-0.763346,-0.392312,-0.361342,-0.119462,-0.366804,0.000000,-0.000000,0.057538,0.002456,-0.000000,-0.000000,0.000000,-0.000000,1.948144,196.083151,-0.000000,-0.000000,0.000000,84418.514552,0.980290,0.000018,347.220687,9.000000,-7.211440,13.187808,0.057590,11.572170,-28.658945,32.981241,-106.936469,11.572170,-71.957625,19.609283,1.948144,-196.083151,0.491095,1739.673982,296799.904101,298539.578083,-0.000000,2585.907011
230.400000,2332.359997,-1006.364538,1509.463920,9.000000,-7.239762,-6.323332,0.364417,-0.763346,-0.392312,-0.361342,-0.119462,-0.366804,0.000000,0.000000,0.057521,0.002455,0.000000,0.000000,0.000000,0.000000,1.947933,196.083123,0.000000,0.000000,0.000000,84457.841575,0.980747,0.000018,347.220687,9.000000,-7.176945,13.168093,0.057573,11.550504,-28.698532,32.981202,-106.936380,11.550504,-71.957625,19.609280,1.947933,-196.083123,0.491095,1734.477714,296055.687100,297790.164814,0.000000,2582.040747
231.000000,2337.759997,-1010.698240,1505.670354,9.000000,-7.205255,-6.321860,0.364417,-0.763346,-0.392312,-0.361342,-0.119462,-0.366804,0.000000,0.000000,0.057505,0.002453,0.000000,0.000000,0.000000,0.000000,1.947762,196.083094,0.000000,0.000000,0.000000,84497.174270,0.981203,0.000018,347.220687,9.000000,-7.142458,13.148444,0.057557,11.528906,-28.738098,32.981164,-106.936290,11.528906,-71.957625,19.609277,1.947762,-196.083094,0.491095,1729.306770,295311.643449,297040.950219,0.000000,2578.187560
231.600000,2343.159997,-1015.011086,1501.877676,9.000000,-7.170757,-6.320388,0.364417,-0.763346,-0.392312,-0.361342,-0.119462,-0.366804,0.000000,0.000000,0.057489,0.002452,0.000000,0.000000,0.000000,0.000000,1.947620,196.083065,0.000000,0.000000,0.000000,84536.512684,0.981660,0.000018,347.220687,9.000000,-7.107979,13.128862,0.057542,11.507377,-28.777641,32.981125,-106.936201,11.507377,-71.957625,19.609274,1.947620,-196.083065,0.491095,1724.161266,294567.774234,296291.935500,0.000000,2574.347567
232.200000,2348.559997,-1019.302930,1498.085893,9.000000,-7.136268,-6.318917,0.364417,-0.763346,-0.392312,-0.361342,-0.119462,-0.366804,0.000000,0.000000,0.057475,0.002451,0.000000,0.000000,0.000000,0.000000,1.947495,196.083035,0.000000,0.000000,0.000000,84575.856866,0.982117,0.000018,347.220687,9.000000,-7.073508,13.109349,0.057527,11.485918,-28.817160,32.981086,-106.936111,11.485918,-71.957625,19.609271,1.947495,-196.083035,0.491095,1719.041318,293824.080544,295543.121862,0.000000,2570.520885
232.800000,2353.959997,-1023.573667,1494.295010,9.000000,-7.101787,-6.317447,0.364417,-0.763346,-0.392312,-0.361342,-0.119462,-0.366804,0.000000,-0.000000,0.057460,0.002449,-0.000000,-0.000000,0.000000,-0.000000,1.947379,196.083005,-0.000000,-0.000000,0.000000,84615.206851,0.982574,0.000018,347.220687,9.000000,-7.039046,13.089903,0.057513,11.464529,-28.856653,32.981048,-106.936022,11.464529,-71.957625,19.609267,1.947379,-196.083005,0.491095,1713.947002,293080.563153,294794.510155,-0.000000,2566.707607
233.400000,2359.359997,-1027.823416,1490.505020,9.000000,-7.067314,-6.315978,0.364417,-0.763346,-0.392312,-0.361342,-0.119462,-0.366804,0.000000,-0.000000,0.057446,0.002448,-0.000000,-0.000000,0.000000,-0.000000,1.947268,196.082975,-0.000000,-0.000000,0.000000,84654.562605,0.983031,0.000018,347.220687,9.000000,-7.004591,13.070526,0.057498,11.443210,-28.896120,32.981010,-106.935933,11.443210,-71.957625,19.609264,1.947268,-196.082975,0.491095,1708.878148,292337.221013,294046.099161,-0.000000,2562.907690
234.000000,2364.759997,-1032.052380,1486.715914,9.000000,-7.032850,-6.314510,0.364417,-0.763346,-0.392312,-0.361342,-0.119462,-0.366804,0.000000,-0.000000,0.057432,0.002446,-0.000000,-0.000000,0.000000,-0.000000,1.947163,196.082945,-0.000000,-0.000000,0.000000,84693.924071,0.983488,0.000018,347.220687,9.000000,-6.970145,13.051217,0.057484,11.421962,-28.935559,32.980973,-106.935843,11.421962,-71.957625,19.609261,1.947163,-196.082945,0.491095,1703.834497,291594.052415,293297.886912,-0.000000,2559.121039
234.600000,2370.159997,-1036.260761,1482.927685,9.000000,-6.998393,-6.313043,0.364417,-0.763346,-0.392312,-0.361342,-0.119462,-0.366804,0.000000,-0.000000,0.057418,0.002445,-0.000000,-0.000000,0.000000,-0.000000,1.947063,196.082915,-0.000000,-0.000000,0.000000,84733.291190,0.983945,0.000018,347.220687,9.000000,-6.935706,13.031975,0.057470,11.400782,-28.974971,32.980935,-106.935754,11.400782,-71.957625,19.609258,1.947063,-196.082915,0.491095,1698.815791,290851.055648,292549.871439,-0.000000,2555.347561
235.200000,2375.559997,-1040.448763,1479.140323,9.000000,-6.963945,-6.311576,0.364417,-0.763346,-0.392312,-0.361342,-0.119462,-0.366804,0.000000,-0.000000,0.057404,0.002444,-0.000000,-0.000000,0.000000,-0.000000,1.946966,196.082886,-0.000000,-0.000000,0.000000,84772.663906,0.984402,0.000018,347.220687,9.000000,-6.901276,13.012799,0.057456,11.379671,-29.014354,32.980898,-106.935664,11.379671,-71.957625,19.609255,1.946966,-196.082886,0.491095,1693.821774,290108.229002,291802.050776,-0.000000,2551.587161
235.800000,2380.959997,-1044.616586,1475.353820,9.000000,-6.929505,-6.310110,0.364417,-0.763346,-0.392312,-0.361342,-0.119462,-0.366804,0.000000,-0.000000,0.057391,0.002442,-0.000000,-0.000000,0.000000,-0.000000,1.946874,196.082856,-0.000000,-0.000000,0.000000,84812.042158,0.984860,0.000018,347.220687,9.000000,-6.866853,12.993690,0.057443,11.358629,-29.053707,32.980860,-106.935575,11.358629,-71.957625,19.609252,1.946874,-196.082856,0.491095,1688.852185,289365.570767,291054.422952,-0.000000,2547.839745
236.400000,2386.359997,-1048.764435,1471.568167,9.000000,-6.895073,-6.308645,0.364417,-0.763346,-0.392312,-0.361342,-0.119462,-0.366804,0.000000,-0.000000,0.057377,0.002441,-0.000000,-0.000000,0.000000,-0.000000,1.946786,196.082826,-0.000000,-0.000000,0.000000,84851.425891,0.985317,0.000018,347.220687,9.000000,-6.832438,12.974646,0.057429,11.337654,-29.093030,32.980822,-106.935486,11.337654,-71.957625,19.609249,1.946786,-196.082826,0.491095,1683.906768,288623.079232,290306.986000,-0.000000,2544.105219
237.000000,2391.759997,-1052.892510,1467.783355,9.000000,-6.860648,-6.307181,0.364417,-0.763346,-0.392312,-0.361342,-0.119462,-0.366804,0.000000,-0.000000,0.057364,0.002440,-0.000000,-0.000000,0.000000,-0.000000,1.946701,196.082796,-0.000000,-0.000000,0.000000,84890.815045,0.985774,0.000018,347.220687,9.000000,-6.798030,12.955667,0.057416,11.316747,-29.132322,32.980785,-106.935396,11.316747,-71.957625,19.609246,1.946701,-196.082796,0.491095,1678.985264,287880.752688,289559.737952,-0.000000,2540.383490
237.600000,2397.159997,-1057.001016,1463.999375,9.000000,-6.826231,-6.305717,0.364417,-0.763346,-0.392312,-0.361342,-0.119462,-0.366804,0.000000,-0.000000,0.057350,0.002438,-0.000000,-0.000000,0.000000,-0.000000,1.946619,196.082766,-0.000000,-0.000000,0.000000,84930.209562,0.986232,0.000018,347.220687,9.000000,-6.763631,12.936754,0.057402,11.295907,-29.171582,32.980747,-106.935307,11.295907,-71.957625,19.609243,1.946619,-196.082766,0.491095,1674.087415,287138.589425,288812.676840,-0.000000,2536.674462
238.200000,2402.559997,-1061.090117,1460.216221,9.000000,-6.791822,-6.304254,0.364417,-0.763346,-0.392312,-0.361342,-0.119462,-0.366804,0.000000,0.000000,0.057337,0.002437,0.000000,0.000000,0.000000,0.000000,1.946540,196.082736,0.000000,0.000000,0.000000,84969.609395,0.986689,0.000018,347.220687,9.000000,-6.729238,12.917905,0.057389,11.275134,-29.210810,32.980711,-106.935217,11.275134,-71.957625,19.609240,1.946540,-196.082736,0.491095,1669.213007,286396.588032,288065.801039,0.000000,2532.978068
238.800000,2407.959997,-1065.159494,1456.433905,9.000000,-6.757420,-6.302792,0.364417,-0.763346,-0.392312,-0.361342,-0.119462,-0.366804,0.000000,0.000000,0.057324,0.002436,0.000000,0.000000,0.000000,0.000000,1.946462,196.082706,0.000000,0.000000,0.000000,85009.014632,0.987147,0.000018,347.220687,9.000000,-6.694854,12.899121,0.057376,11.254429,-29.250002,32.980675,-106.935128,11.254429,-71.957625,19.609237,1.946462,-196.082706,0.491095,1664.362409,285654.751112,287319.113521,0.000000,2529.294578
239.400000,2413.359997,-1069.208480,1452.652456,9.000000,-6.723026,-6.301331,0.364417,-0.763346,-0.392312,-0.361342,-0.119462,-0.366804,0.000000,0.000000,0.057311,0.002434,0.000000,0.000000,0.000000,0.000000,1.946387,196.082676,0.000000,0.000000,0.000000,85048.425456,0.987605,0.000018,347.220687,9.000000,-6.660477,12.880406,0.057363,11.233796,-29.289155,32.980639,-106.935039,11.233796,-71.957625,19.609234,1.946387,-196.082676,0.491095,1659.536408,284913.084126,286572.620534,0.000000,2525.624502
240.000000,2418.759997,-1073.236403,1448.871901,9.000000,-6.688641,-6.299871,0.364417,-0.763346,-0.392312,-0.361342,-0.119462,-0.366804,0.000000,0.000000,0.057298,0.002433,0.000000,0.000000,0.000000,0.000000,1.946313,196.082646,0.000000,0.000000,0.000000,85087.842054,0.988062,0.000018,347.220687,9.000000,-6.626108,12.861762,0.057349,11.213236,-29.328266,32.980603,-106.934949,11.213236,-71.957625,19.609230,1.946313,-196.082646,0.491095,1654.735796,284171.592596,285826.328393,0.000000,2521.968358
240.600000,2424.159997,-1077.242588,1445.092269,9.000000,-6.654263,-6.298411,0.364417,-0.763346,-0.392312,-0.361342,-0.119462,-0.366804,0.000000,0.000000,0.057285,0.002432,0.000000,0.000000,0.000000,0.000000,1.946240,196.082616,0.000000,0.000000,0.000000,85127.264612,0.988520,0.000018,347.220687,9.000000,-6.591748,12.843192,0.057336,11.192753,-29.367332,32.980567,-106.934860,11.192753,-71.957625,19.609227,1.946240,-196.082616,0.491095,1649.961371,283430.282044,285080.243414,0.000000,2518.326661
241.200000,2429.559997,-1081.226361,1441.313588,9.000000,-6.619895,-6.296953,0.364417,-0.763346,-0.392312,-0.361342,-0.119462,-0.366804,0.000000,0.000000,0.057272,0.002430,0.000000,0.000000,0.000000,0.000000,1.946168,196.082586,0.000000,0.000000,0.000000,85166.693316,0.988978,0.000018,347.220687,9.000000,-6.557396,12.824698,0.057323,11.172350,-29.406347,32.980531,-106.934770,11.172350,-71.957625,19.609224,1.946168,-196.082586,0.491095,1645.213924,282689.157991,284334.371915,0.000000,2514.699928
241.800000,2434.959997,-1085.187050,1437.535886,9.000000,-6.585536,-6.295495,0.364417,-0.763346,-0.392312,-0.361342,-0.119462,-0.366804,0.000000,0.000000,0.057259,0.002429,0.000000,0.000000,0.000000,0.000000,1.946096,196.082556,0.000000,0.000000,0.000000,85206.128353,0.989436,0.000018,347.220687,9.000000,-6.523054,12.806283,0.057310,11.152029,-29.445310,32.980495,-106.934681,11.152029,-71.957625,19.609221,1.946096,-196.082556,0.491095,1640.494252,281948.225959,283588.720211,0.000000,2511.088675
242.400000,2440.359997,-1089.123980,1433.759191,9.000000,-6.551185,-6.294038,0.364417,-0.763346,-0.392312,-0.361342,-0.119462,-0.366804,0.000000,0.000000,0.057246,0.002428,0.000000,0.000000,0.000000,0.000000,1.946024,196.082526,0.000000,0.000000,0.000000,85245.569909,0.989894,0.000018,347.220687,9.000000,-6.488720,12.787949,0.057297,11.131794,-29.484216,32.980459,-106.934592,11.131794,-71.957625,19.609218,1.946024,-196.082526,0.491095,1635.803149,281207.491470,282843.294619,0.000000,2507.493419
243.000000,2445.759997,-1093.036478,1429.983532,9.000000,-6.516844,-6.292582,0.364417,-0.763346,-0.392312,-0.361342,-0.119462,-0.366804,0.000000,0.000000,0.057233,0.002426,0.000000,0.000000,0.000000,0.000000,1.945952,196.082496,0.000000,0.000000,0.000000,85285.018170,0.990352,0.000018,347.220687,9.000000,-6.454396,12.769700,0.057284,11.111647,-29.523062,32.980423,-106.934502,11.111647,-71.957625,19.609215,1.945952,-196.082496,0.491095,1631.141409,280466.960045,282098.101454,0.000000,2503.914677
243.600000,2451.159997,-1096.923909,1426.208934,9.000000,-6.482513,-6.291127,0.364417,-0.763346,-0.392312,-0.361342,-0.119462,-0.366804,0.000000,-0.000000,0.057220,0.002425,-0.000000,-0.000000,0.000000,-0.000000,1.945878,196.082466,-0.000000,-0.000000,0.000000,85324.473311,0.990810,0.000018,347.220687,9.000000,-6.420081,12.751538,0.057271,11.091591,-29.561844,32.980388,-106.934413,11.091591,-71.957625,19.609212,1.945878,-196.082466,0.491095,1626.509780,279726.636882,281353.146663,-0.000000,2500.352936
244.200000,2456.559997,-1100.787317,1422.435354,9.000000,-6.448191,-6.289673,0.364417,-0.763346,-0.392312,-0.361342,-0.119462,-0.366804,0.000000,-0.000000,0.057206,0.002424,-0.000000,-0.000000,0.000000,-0.000000,1.945804,196.082436,-0.000000,-0.000000,0.000000,85363.935048,0.991268,0.000018,347.220687,9.000000,-6.385776,12.733458,0.057258,11.071622,-29.600564,32.980353,-106.934323,11.071622,-71.957625,19.609209,1.945804,-196.082436,0.491095,1621.907001,278986.513267,280608.420268,-0.000000,2496.807523
244.800000,2461.959997,-1104.630021,1418.662651,9.000000,-6.413877,-6.288220,0.364417,-0.763346,-0.392312,-0.361342,-0.119462,-0.366804,0.000000,-0.000000,0.057193,0.002422,-0.000000,-0.000000,0.000000,-0.000000,1.945729,196.082406,-0.000000,-0.000000,0.000000,85403.402468,0.991727,0.000018,347.220687,9.000000,-6.351479,12.715451,0.057245,11.051729,-29.639230,32.980319,-106.934234,11.051729,-71.957625,19.609206,1.945729,-196.082406,0.491095,1617.329084,278246.561632,279863.890716,-0.000000,2493.276183
245.400000,2467.359997,-1108.455501,1414.890677,9.000000,-6.379569,-6.286768,0.364417,-0.763346,-0.392312,-0.361342,-0.119462,-0.366804,0.000000,-0.000000,0.057180,0.002421,-0.000000,-0.000000,0.000000,-0.000000,1.945653,196.082377,-0.000000,-0.000000,0.000000,85442.874617,0.992185,0.000018,347.220687,9.000000,-6.317188,12.697503,0.057231,11.031899,-29.677852,32.980285,-106.934145,11.031899,-71.957625,19.609203,1.945653,-196.082377,0.491095,1612.771852,277506.753067,279119.524918,-0.000000,2489.756552
246.000000,2472.759997,-1112.267238,1411.119285,9.000000,-6.345267,-6.285316,0.364417,-0.763346,-0.392312,-0.361342,-0.119462,-0.366804,0.000000,-0.000000,0.057167,0.002420,-0.000000,-0.000000,0.000000,-0.000000,1.945577,196.082347,-0.000000,-0.000000,0.000000,85482.350539,0.992644,0.000018,347.220687,9.000000,-6.282903,12.679603,0.057218,11.012118,-29.716438,32.980250,-106.934055,11.012118,-71.957625,19.609200,1.945577,-196.082347,0.491095,1608.231123,276767.058662,278375.289785,-0.000000,2486.246262
246.600000,2478.159997,-1116.068711,1407.348327,9.000000,-6.310969,-6.283864,0.364417,-0.763346,-0.392312,-0.361342,-0.119462,-0.366804,0.000000,-0.000000,0.057154,0.002418,-0.000000,-0.000000,0.000000,-0.000000,1.945500,196.082317,-0.000000,-0.000000,0.000000,85521.829278,0.993102,0.000018,347.220687,9.000000,-6.248621,12.661738,0.057205,10.992375,-29.754998,32.980216,-106.933966,10.992375,-71.957625,19.609197,1.945500,-196.082317,0.491095,1603.702719,276027.449507,277631.152226,-0.000000,2482.742949
247.200000,2483.559997,-1119.863402,1403.577657,9.000000,-6.276673,-6.282413,0.364417,-0.763346,-0.392312,-0.361342,-0.119462,-0.366804,0.000000,-0.000000,0.057141,0.002417,-0.000000,-0.000000,0.000000,-0.000000,1.945423,196.082287,-0.000000,-0.000000,0.000000,85561.309880,0.993560,0.000018,347.220687,9.000000,-6.214342,12.643897,0.057192,10.972657,-29.793540,32.980182,-106.933876,10.972657,-71.957625,19.609194,1.945423,-196.082287,0.491095,1599.182461,275287.896693,276887.079154,-0.000000,2479.244246
