# Time (s), X (m), Y (m), Z (m), Vx (m/s), Vy (m/s), Vz (m/s), e0, e1, e2, e3, ω1 (rad/s), ω2 (rad/s), ω3 (rad/s), Ax (m/s2), Ay (m/s2), Az (m/s2), α1 (rad/s2), α2 (rad/s2), α3 (rad/s2), R1 (N), R2 (N), R3 (N), M1 (Nm), M2 (Nm), Aerodynamic Spin Moment (N m), Pressure (Pa), Density (kg/m³), Dynamic Viscosity (Pa s), Speed of Sound (m/s), Wind Velocity X (East) (m/s), Wind Velocity Y (North) (m/s), Speed - Velocity Magnitude (m/s), Acceleration Magnitude (m/s²), (((Vx (m/s)**2) + (Vy (m/s)**2))**0.5), Path Angle (°), Latitude (°), Longitude (°), (((Vx (m/s)**2) + (Vy (m/s)**2))**0.5), Spin Angle - φ (°), Dynamic Pressure (Pa), Aerodynamic Lift Force (N), Aerodynamic Drag Force (N), Rotational Kinetic Energy (J), Kinetic Energy (J), ((Scalar*9.80665)*Z (m)), Total Mechanical Energy (J), Thrust Power (W), Drag Power (W)
0.000000,0.000000,0.000000,0.000000,0.000000,0.000000,0.000000,0.704416,-0.061628,0.061628,-0.704416,0.000000,0.000000,0.000000,0.000000,0.000000,0.000000,0.000000,0.000000,0.000000,-1.603589,0.789539,-0.012441,0.820707,1.666740,0.000000,101325.000000,1.176613,0.000018,347.220687,1.000000,2.000000,0.000000,0.000000,0.000000,0.000000,32.990254,-106.974998,0.000000,0.000000,2.941531,1.787419,0.012441,0.000000,0.000000,0.000000,0.000000,0.000000,-0.000000
0.600000,4.052058,-0.061726,22.742008,15.362124,-1.101234,86.984429,0.703184,-0.037989,0.073180,-0.706211,-0.021761,0.064860,0.000000,27.645841,-10.912050,169.863718,-1.484711,-3.163414,0.000000,27.487630,-12.948112,-22.210060,-12.914768,-27.547483,0.000000,101052.095002,1.173443,0.000018,347.220687,0.863548,1.954516,88.337413,172.444306,15.401547,79.959218,32.990253,-106.974931,15.401547,17.442395,4568.119828,30.394368,22.210060,0.020487,58718.170033,3356.313368,62074.483401,244899.052481,-1961.980825
1.200000,18.537050,-2.002209,104.369265,30.922967,-4.712871,172.303003,0.703227,-0.048237,0.075282,-0.705322,-0.033614,-0.029608,0.000000,12.717480,-3.413126,63.220659,-0.292613,-0.912573,0.000000,7.883024,-2.589915,-86.073388,-2.400211,-7.493427,0.000000,100077.462109,1.162126,0.000018,347.220687,0.373784,1.791261,175.119291,64.577362,31.280043,79.710533,32.990236,-106.974691,31.280043,12.265197,17817.643473,8.331218,86.073388,0.008240,213467.944357,14249.117437,227717.061794,196327.988122,-15073.110631
1.800000,39.498101,-5.320282,219.292024,39.040060,-6.373406,210.975416,0.703043,-0.052040,0.078106,-0.704927,-0.015588,-0.003578,0.000000,14.041037,-2.808110,65.401720,0.033047,0.034094,0.000000,-0.274212,0.223125,-131.279876,0.264257,0.271339,0.000000,98718.194765,1.146342,0.000018,347.220687,-0.315752,1.561416,214.651748,66.950887,39.556878,79.380610,32.990206,-106.974344,39.556878,11.248619,26436.051836,0.302559,131.279876,0.001016,307752.922466,28728.095454,336481.017920,247697.543834,-28179.454762
2.400000,65.495674,-9.653454,357.704419,47.665225,-8.067918,250.317188,0.702836,-0.055008,0.080879,-0.704596,-0.013139,-0.000679,0.000000,14.485911,-2.769789,64.511455,0.006250,0.012024,0.000000,-0.091958,-0.008947,-188.108443,0.049156,0.092193,0.000000,97100.984769,1.127562,0.000018,347.220687,-1.146227,1.284591,254.942659,66.175835,48.343200,79.069169,32.990167,-106.973914,48.343200,10.707743,36718.340546,0.091038,188.108443,0.000663,415761.289801,44878.052674,460639.342475,295076.048916,-47956.867329
3.000000,96.681282,-14.981992,519.223830,56.180848,-9.657030,287.269742,0.702627,-0.057745,0.083513,-0.704278,-0.012374,0.006436,0.000000,13.387942,-2.460682,56.210991,0.001087,-0.006392,0.000000,0.018670,-0.059776,-256.810922,0.009033,-0.047648,0.000000,95240.985494,1.105963,0.000018,347.220687,-2.115343,1.052429,292.871047,57.835694,57.004788,78.776233,32.990119,-106.973397,57.004788,10.270939,47576.907795,0.123401,256.810922,0.000716,525670.365118,62411.683902,588082.049020,317187.910895,-75212.483697
3.600000,132.658844,-21.197355,700.876070,63.493793,-11.017305,316.809206,0.702316,-0.059500,0.086882,-0.704034,-0.011948,0.004888,0.000000,6.748135,-1.266864,22.283580,0.001077,0.003062,0.000000,-0.057747,-0.067788,-354.416487,0.008047,0.021114,0.000000,93183.721131,1.082074,0.000018,347.220687,-3.205256,1.547844,323.296947,42.556802,64.442553,78.502259,32.990063,-106.972801,64.442553,10.525357,56795.199156,0.089051,354.416487,0.000589,614189.327924,80777.603185,694966.931110,313320.568659,-114581.768214
4.200000,169.674030,-27.602794,884.125875,60.017778,-10.355158,294.715348,0.701991,-0.061270,0.090287,-0.703778,-0.012611,0.003923,0.000000,-5.212810,1.006052,-33.660152,-0.001210,0.000181,0.000000,-0.028786,-0.086245,-268.808814,-0.007984,0.001194,0.000000,91144.972527,1.058399,0.000018,347.220687,-4.304776,2.047616,300.942684,34.076258,60.904540,78.323877,32.990006,-106.972189,60.904540,10.765930,48235.680988,0.090066,268.808814,0.000592,511493.057814,97934.817385,609427.875199,247383.339701,-80896.042154
4.800000,204.803727,-33.644433,1055.201322,57.173471,-9.798686,276.008132,0.701673,-0.062760,0.093479,-0.703547,-0.006111,0.004136,0.000000,-4.381316,0.854070,-28.916795,-0.099562,-0.001331,0.000000,-0.015233,-0.833345,-215.868452,-0.657112,-0.008781,0.000000,89274.415418,1.036678,0.000018,347.220687,-5.000000,2.514185,282.037779,29.259296,58.007069,78.131203,32.989951,-106.971607,58.007069,11.046658,41569.561025,0.861542,215.868452,0.000180,438243.456912,114021.530469,552264.987380,63854.805170,-60883.058654
5.400000,238.372728,-39.376194,1215.805978,54.776603,-9.314812,259.606969,0.701403,-0.063542,0.096043,-0.703401,-0.007762,0.004338,0.000000,-3.767510,0.772918,-26.126275,-0.010183,-0.000234,0.000000,-0.022878,-0.110239,-184.433488,-0.067210,-0.001547,0.000000,87546.755118,1.016616,0.000018,347.220687,-5.000000,2.952198,265.486385,26.407836,55.562955,77.919405,32.989900,-106.971051,55.562955,11.429771,36150.608029,0.091232,184.433488,0.000261,387656.612471,131152.820591,518809.433062,-0.000000,-48964.580054
6.000000,270.585412,-44.829280,1366.992411,52.637724,-8.867675,244.547935,0.701110,-0.064412,0.098775,-0.703236,-0.008861,0.004499,0.000000,-3.386619,0.717163,-24.119400,-0.014562,-0.000873,0.000000,-0.016359,-0.147782,-161.979675,-0.096108,-0.005764,0.000000,85945.244187,0.998019,0.000018,347.220687,-5.000000,3.364525,250.305929,24.366554,53.379450,77.686720,32.989851,-106.970518,53.379450,11.804459,31575.031001,0.149287,161.979675,0.000326,344591.819181,147461.777374,492053.596556,-0.000000,-40544.473055
6.600000,301.581282,-50.023785,1509.488855,50.717184,-8.452814,230.620743,0.700790,-0.065393,0.101704,-0.703046,-0.009661,0.004720,0.000000,-3.014279,0.661666,-22.269671,-0.001299,0.000423,0.000000,-0.025951,-0.039793,-141.233555,-0.008573,0.002793,0.000000,84457.583214,0.980744,0.000018,347.220687,-5.000000,3.753137,236.282902,22.482481,51.416756,77.431495,32.989804,-106.970004,51.416756,12.167865,27676.250639,0.048250,141.233555,0.000382,307062.854852,162833.317685,469896.172536,0.000000,-33371.074552
7.200000,331.490455,-54.980347,1643.959684,49.013469,-8.075637,217.781920,0.700466,-0.066653,0.104678,-0.702814,-0.010481,0.002842,0.000000,-2.675279,0.565668,-20.581515,-0.000976,-0.043908,0.000000,0.352002,-0.037476,-122.280116,-0.006443,-0.289794,0.000000,83072.899413,0.964664,0.000018,347.220687,-5.000000,4.000000,223.375247,20.762366,49.674300,77.151110,32.989760,-106.969509,49.674300,12.417318,24354.031771,0.358062,122.280116,0.000389,274430.755189,177339.109631,451769.864820,0.000000,-27314.351134
7.800000,360.434681,-59.722292,1771.012440,47.495542,-7.736918,205.867468,0.700170,-0.068452,0.107467,-0.702515,-0.011300,0.002149,0.000000,-2.393315,0.546662,-19.175820,-0.002412,0.016284,0.000000,-0.139320,-0.049439,-106.539955,-0.015922,0.107476,0.000000,81781.547164,0.949669,0.000018,347.220687,-5.000000,4.000000,211.416889,19.332327,48.121579,76.843324,32.989717,-106.969030,48.121579,12.408662,21498.104696,0.148093,106.539955,0.000437,245834.055152,191044.690587,436878.745740,-0.000000,-22524.345778
8.400000,388.516193,-64.271322,1891.154985,46.133394,-7.432550,194.725357,0.699839,-0.070385,0.110508,-0.702182,-0.012212,0.002117,0.000000,-2.153936,0.487957,-17.997593,-0.000883,0.008961,0.000000,-0.078835,-0.037168,-93.318017,-0.005825,0.059145,0.000000,80575.429174,0.935663,0.000018,347.220687,-5.000000,4.000000,200.253583,18.132592,46.728288,76.505880,32.989676,-106.968565,46.728288,12.410147,19023.569900,0.083646,93.318017,0.000507,220558.237469,204004.845360,424563.082829,-0.000000,-18687.267232
9.000000,415.821061,-68.646708,2004.813212,44.903265,-7.156954,184.235798,0.699468,-0.072478,0.113808,-0.701812,-0.013428,0.003151,0.000000,-1.949266,0.426972,-16.993814,-0.000150,-0.011945,0.000000,0.091052,-0.031992,-82.049374,-0.000987,-0.078840,0.000000,79447.705603,0.922568,0.000018,347.220687,-5.000000,4.000000,189.763944,17.110571,45.470047,76.136256,32.989637,-106.968113,45.470047,12.413446,16863.448900,0.094916,82.049374,0.000628,198056.950486,216265.516309,414322.466795,0.000000,-15570.012775
9.600000,442.422950,-72.864937,2112.349673,43.787160,-6.907835,174.304592,0.699054,-0.074755,0.117385,-0.701396,-0.014427,0.002816,0.000000,-1.774604,0.390537,-16.136705,-0.000552,-0.008211,0.000000,0.061564,-0.035479,-72.442569,-0.003640,-0.054190,0.000000,78392.522304,0.910315,0.000018,347.220687,-5.000000,4.000000,179.853063,16.238688,44.328700,75.731174,32.989599,-106.967672,44.328700,12.413771,14966.144316,0.069825,72.442569,0.000713,177909.185071,227865.813109,405774.998180,-0.000000,-13029.017898
10.200000,468.384994,-76.940134,2214.073863,42.768244,-6.679973,164.849997,0.698591,-0.077238,0.121260,-0.700929,-0.015761,0.003194,0.000000,-1.625841,0.370579,-15.394566,-0.005291,0.010772,0.000000,-0.095170,-0.075249,-64.145540,-0.034918,0.071093,0.000000,77404.843514,0.898845,0.000018,347.220687,-5.000000,4.000000,170.438453,15.484617,43.286773,75.287258,32.989562,-106.967243,43.286773,12.408785,13290.052881,0.120533,64.145540,0.000853,159770.964940,238839.121902,398610.086842,0.000000,-10932.866555
10.800000,493.761961,-80.884501,2310.252935,41.835110,-6.470951,155.811958,0.698066,-0.079932,0.125495,-0.700404,-0.017322,0.004073,0.000000,-1.489044,0.334691,-14.744868,-0.002664,0.002945,0.000000,-0.031944,-0.054566,-56.855453,-0.017583,0.019435,0.000000,76480.295354,0.888109,0.000018,347.220687,-5.000000,4.000000,161.460261,14.823643,42.332607,74.800193,32.989527,-106.966822,42.332607,12.409818,11803.209705,0.062818,56.855453,0.001045,143381.788165,249214.261406,392596.049571,0.000000,-9179.896251
11.400000,518.602525,-84.708946,2401.121728,40.978616,-6.279667,147.140821,0.697474,-0.082873,0.130112,-0.699809,-0.018853,0.004132,0.000000,-1.369035,0.308686,-14.169764,-0.003812,0.004354,0.000000,-0.043204,-0.064700,-50.415839,-0.025161,0.028734,0.000000,75615.028671,0.878062,0.000018,347.220687,-5.000000,4.000000,152.869561,14.239092,41.456980,74.264798,32.989492,-106.966411,41.456980,12.409854,10479.720255,0.077709,50.415839,0.001229,128530.065252,259016.564294,387546.629546,-0.000000,-7707.047198
12.000000,542.950116,-88.423167,2486.887336,40.190701,-6.103529,138.794710,0.696800,-0.086085,0.135165,-0.699135,-0.020639,0.004498,0.000000,-1.259650,0.280588,-13.660168,-0.002858,-0.000763,0.000000,-0.001135,-0.057702,-44.702550,-0.018865,-0.005035,0.000000,74805.643451,0.868663,0.000018,347.220687,-5.000000,4.000000,144.625437,13.720993,40.651513,73.675246,32.989459,-106.966008,40.651513,12.411625,9298.276013,0.057804,44.702550,0.001472,115040.845370,268268.370603,383309.215973,0.000000,-6465.125859
12.600000,566.843828,-92.035924,2567.733568,39.464698,-5.941202,130.737577,0.696033,-0.089611,0.140696,-0.698364,-0.022679,0.004962,0.000000,-1.161760,0.260368,-13.205569,-0.003722,0.001670,0.000000,-0.021474,-0.065850,-39.615411,-0.024566,0.011022,0.000000,74049.120455,0.859878,0.000018,347.220687,-5.000000,4.000000,136.693358,13.259130,39.909401,73.024486,32.989426,-106.965612,39.909401,12.410737,8241.177027,0.069190,39.615411,0.001779,102767.909804,276989.508357,379757.418161,-0.000000,-5415.163612
13.200000,590.319502,-95.555212,2643.826316,38.794794,-5.791415,122.937811,0.695153,-0.093483,0.146778,-0.697481,-0.024996,0.005488,0.000000,-1.072359,0.239695,-12.799732,-0.004023,0.000809,0.000000,-0.014641,-0.069471,-35.072417,-0.026549,0.005340,0.000000,73342.749572,0.851675,0.000018,347.220687,-5.000000,4.000000,129.043720,12.846810,39.224692,72.304132,32.989395,-106.965224,39.224692,12.411113,7293.560125,0.070995,35.072417,0.002161,91587.551981,285197.872787,376785.424768,0.000000,-4525.875098
13.800000,613.408974,-98.988156,2715.310253,38.176066,-5.653072,115.368504,0.694138,-0.097752,0.153481,-0.696463,-0.027638,0.006084,0.000000,-0.991137,0.221490,-12.436105,-0.005056,0.000973,0.000000,-0.016295,-0.079286,-31.006329,-0.033371,0.006420,0.000000,72684.142534,0.844027,0.000018,347.220687,-5.000000,4.000000,121.652213,12.477505,38.592347,71.504205,32.989364,-106.964841,38.592347,12.411161,6442.986686,0.080943,31.006329,0.002643,81395.937421,292909.070204,374305.007625,0.000000,-3771.988562
14.400000,636.140746,-102.341129,2782.312540,37.604277,-5.525235,108.006460,0.692961,-0.102475,0.160895,-0.695281,-0.030682,0.006753,0.000000,-0.915917,0.204948,-12.110194,-0.005071,0.001347,0.000000,-0.019699,-0.080843,-27.361411,-0.033467,0.008888,0.000000,72071.182481,0.836910,0.000018,347.220687,-5.000000,4.000000,114.498931,12.146510,38.008023,70.612770,32.989334,-106.964465,38.008023,12.410978,5678.954022,0.083207,27.361411,0.003257,72105.032366,300136.817996,372241.850362,0.000000,-3132.852335
15.000000,658.542551,-105.620327,2844.954308,37.075504,-5.407018,100.829886,0.691587,-0.107715,0.169123,-0.693903,-0.034172,0.007516,0.000000,-0.847469,0.189429,-11.817178,-0.006366,0.001341,0.000000,-0.019994,-0.093132,-24.090338,-0.042013,0.008850,0.000000,71501.906442,0.830299,0.000018,347.220687,-5.000000,4.000000,107.566234,11.849041,37.467704,69.615274,32.989304,-106.964094,37.467704,12.411146,4992.382261,0.095257,24.090338,0.004040,63637.725024,306894.182808,370531.907833,-0.000000,-2591.306884
15.600000,680.639150,-108.831290,2903.341070,36.586355,-5.297650,93.820014,0.689972,-0.113553,0.178290,-0.692283,-0.038235,0.008418,0.000000,-0.783963,0.175297,-11.553902,-0.007295,0.001634,0.000000,-0.022820,-0.102604,-21.153563,-0.048145,0.010784,0.000000,70974.582840,0.824176,0.000018,347.220687,-5.000000,4.000000,100.840574,11.581795,36.967911,68.494066,32.989275,-106.963728,36.967911,12.411111,4375.574940,0.105112,21.153563,0.005058,55928.522372,313192.546776,369121.069148,-0.000000,-2133.137339
16.200000,702.453377,-111.979120,2957.567612,36.133824,-5.196476,86.960037,0.688059,-0.120084,0.188545,-0.690364,-0.042975,0.009458,0.000000,-0.725478,0.162135,-11.317082,-0.008817,0.001852,0.000000,-0.025062,-0.117202,-18.517592,-0.058193,0.012223,0.000000,70487.657286,0.818521,0.000018,347.220687,-5.000000,4.000000,94.311742,11.341471,36.505570,67.227478,32.989247,-106.963367,36.505570,12.411240,3821.926995,0.119852,18.517592,0.006390,48920.881643,319042.134617,367963.016260,-0.000000,-1746.426386
16.800000,724.006374,-115.068545,3007.719259,35.715194,-5.102879,80.234830,0.685776,-0.127420,0.200064,-0.688073,-0.048544,0.010684,0.000000,-0.671215,0.150084,-11.104231,-0.010485,0.002326,0.000000,-0.029482,-0.133256,-16.153975,-0.069201,0.015353,0.000000,70039.733246,0.813320,0.000018,347.220687,-5.000000,4.000000,87.972964,11.125511,36.077895,65.788754,32.989219,-106.963010,36.077895,12.411262,3325.752927,0.136479,16.153975,0.008153,42565.840895,324452.150792,367017.991687,0.000000,-1421.112844
17.400000,745.317747,-118.103945,3053.872783,35.327998,-5.016304,73.630693,0.683027,-0.135697,0.213062,-0.685316,-0.055106,0.012135,0.000000,-0.621212,0.138699,-10.913059,-0.012877,0.002573,0.000000,-0.032089,-0.155571,-14.039898,-0.084985,0.016985,0.000000,69629.557229,0.808557,0.000018,347.220687,-5.000000,4.000000,81.821205,10.931606,35.682359,64.144593,32.989192,-106.962657,35.682359,12.411578,2882.148788,0.158847,14.039898,0.010507,36820.912692,329430.876782,366251.789474,0.000000,-1148.760499
18.000000,766.405652,-121.089386,3096.097166,34.969803,-4.936233,67.135047,0.679687,-0.145083,0.227799,-0.681964,-0.062969,0.013846,0.000000,-0.573877,0.128363,-10.742314,-0.014029,0.003160,0.000000,-0.037568,-0.168009,-12.155061,-0.092593,0.020858,0.000000,69256.006174,0.804219,0.000018,347.220687,-5.000000,4.000000,75.857551,10.758398,35.316477,62.253330,32.989165,-106.962308,35.316477,12.411429,2486.868480,0.172159,12.155061,0.013718,31649.037817,333985.753954,365634.791771,0.000000,-922.053131
18.600000,787.286860,-124.028610,3134.453920,34.638619,-4.862161,60.736496,0.675591,-0.155767,0.244573,-0.677855,-0.072177,0.015904,0.000000,-0.530850,0.118689,-10.588923,-0.017124,0.003766,0.000000,-0.043295,-0.196762,-10.478949,-0.113020,0.024855,0.000000,68918.079450,0.800295,0.000018,347.220687,-5.000000,4.000000,70.088490,10.602885,34.978201,60.062323,32.989138,-106.961962,34.978201,12.411457,2136.259016,0.201469,10.478949,0.018026,27018.198612,338123.417894,365141.616506,-0.000000,-734.453738
19.200000,807.976920,-126.925097,3168.998217,34.332289,-4.793702,54.424992,0.670518,-0.167981,0.263751,-0.672765,-0.083396,0.018331,0.000000,-0.490371,0.109723,-10.452326,-0.019714,0.004451,0.000000,-0.049746,-0.221879,-8.997010,-0.130114,0.029377,0.000000,68614.884705,0.796774,0.000018,347.220687,-5.000000,4.000000,64.527246,10.464398,34.665338,57.505397,32.989112,-106.961620,34.665338,12.411501,1827.177402,0.227387,8.997010,0.024060,22900.733989,341849.820066,364750.554054,0.000000,-580.552271
19.800000,828.490258,-129.782070,3199.779307,34.049202,-4.730374,48.190981,0.664177,-0.181982,0.285739,-0.666403,-0.096561,0.021273,0.000000,-0.454068,0.101380,-10.329871,-0.024816,0.005267,0.000000,-0.057403,-0.268080,-7.696833,-0.163789,0.034764,0.000000,68345.630420,0.793647,0.000018,347.220687,-5.000000,4.000000,59.195399,10.340343,34.376222,54.498480,32.989087,-106.961280,34.376222,12.411715,1556.910149,0.274157,7.696833,0.032263,19272.556240,345170.273179,364442.829419,-0.000000,-455.617103
20.400000,848.840178,-132.602510,3226.841155,33.787363,-4.671847,42.025997,0.656175,-0.198083,0.311014,-0.658373,-0.112377,0.024732,0.000000,-0.419207,0.093879,-10.222272,-0.028005,0.006364,0.000000,-0.067462,-0.298961,-6.567981,-0.184833,0.042006,0.000000,68109.617145,0.790907,0.000018,347.220687,-5.000000,4.000000,54.125747,10.231295,34.108827,50.936782,32.989061,-106.960943,34.108827,12.411410,1323.125669,0.306478,6.567981,0.043693,16112.824208,348089.519933,364202.344141,-0.000000,-355.496901
21.000000,869.039011,-135.389159,3250.222697,33.545173,-4.617706,35.922134,0.646010,-0.216561,0.340035,-0.648177,-0.131051,0.028828,0.000000,-0.388236,0.086683,-10.126282,-0.033700,0.007254,0.000000,-0.075904,-0.351072,-5.601821,-0.222420,0.047873,0.000000,67906.232573,0.788545,0.000018,347.220687,-5.000000,4.000000,49.365995,10.134093,33.861509,46.691382,32.989036,-106.960609,33.861509,12.411883,1123.832328,0.359183,5.601821,0.059418,13403.567650,350611.760571,364015.328221,-0.000000,-276.539485
21.600000,889.098051,-138.144565,3269.958392,33.321292,-4.567600,29.871813,0.633038,-0.237718,0.373247,-0.635159,-0.152218,0.033554,0.000000,-0.359065,0.080325,-10.042611,-0.038110,0.008443,0.000000,-0.086920,-0.392715,-4.791287,-0.251523,0.055725,0.000000,67734.944432,0.786556,0.000018,347.220687,-5.000000,4.000000,44.983293,10.049349,33.632893,41.610604,32.989011,-106.960276,33.632893,12.411425,957.337085,0.402219,4.791287,0.080178,11129.311865,352740.712118,363870.023983,-0.000000,-215.527875
22.200000,909.027806,-140.871053,3286.078374,33.113915,-4.521325,23.868653,0.616484,-0.261696,0.410901,-0.618551,-0.176415,0.038753,0.000000,-0.331615,0.074223,-9.971054,-0.040108,0.008933,0.000000,-0.092161,-0.414912,-4.130733,-0.264715,0.058960,0.000000,67595.297168,0.784934,0.000018,347.220687,-5.000000,4.000000,41.069288,9.976843,33.421158,35.533588,32.988987,-106.959946,33.421158,12.411814,822.217213,0.425025,4.130733,0.107659,9276.882751,354479.625372,363756.508123,0.000000,-169.646254
22.800000,928.837994,-143.570809,3298.608597,32.922439,-4.478427,17.904991,0.595542,-0.288412,0.452853,-0.597541,-0.200948,0.044268,0.000000,-0.307347,0.068587,-9.909192,-0.041908,0.009043,0.000000,-0.094272,-0.435054,-3.615743,-0.276596,0.059684,0.000000,67486.909071,0.783676,0.000018,347.220687,-5.000000,4.000000,37.742973,9.914194,33.225642,28.319815,32.988963,-106.959618,33.225642,12.411903,717.292044,0.445151,3.615743,0.139721,7835.065784,355831.299995,363666.365779,-0.000000,-136.468885
23.400000,948.537535,-146.245835,3307.570993,32.744988,-4.438799,11.974367,0.569486,-0.317432,0.498413,-0.571393,-0.224343,0.049352,0.000000,-0.284737,0.063788,-9.861694,-0.034861,0.007840,0.000000,-0.085345,-0.381508,-3.242915,-0.230084,0.051745,0.000000,67409.469515,0.782776,0.000018,347.220687,-5.000000,4.000000,35.147157,9.866010,33.044473,19.919059,32.988939,-106.959292,33.044473,12.411716,641.596050,0.390938,3.242915,0.174126,6794.448706,356798.101885,363592.550591,0.000000,-113.979252
24.000000,968.134384,-148.897887,3312.982920,32.579528,-4.401788,6.069152,0.538077,-0.347714,0.545965,-0.539883,-0.242248,0.053315,0.000000,-0.267759,0.059769,-9.824400,-0.023341,0.005004,0.000000,-0.062643,-0.289641,-3.009634,-0.154052,0.033027,0.000000,67362.742629,0.782234,0.000018,347.220687,-5.000000,4.000000,33.431064,9.828230,32.875544,10.459605,32.988915,-106.958968,32.875544,12.411842,594.359118,0.296337,3.009634,0.203038,6147.201040,357381.903512,363529.104551,0.000000,-100.615272
24.600000,987.634602,-151.528350,3314.857743,32.422128,-4.366606,0.182941,0.501833,-0.377805,0.593204,-0.503511,-0.250642,0.055148,0.000000,-0.258596,0.057915,-9.797258,-0.004028,0.001017,0.000000,-0.029964,-0.131258,-2.913779,-0.026587,0.006713,0.000000,67346.561425,0.782046,0.000018,347.220687,-5.000000,4.000000,32.715367,9.800841,32.714853,0.320392,32.988891,-106.958645,32.714853,12.411722,574.979437,0.134400,2.913779,0.217347,5886.840351,357584.146493,363470.986844,0.000000,-95.325339
25.200000,1007.041419,-154.137913,3313.205536,32.267139,-4.331933,-5.687714,0.462282,-0.405974,0.637438,-0.463833,-0.247160,0.054408,0.000000,-0.259771,0.057990,-9.771295,0.015428,-0.003518,0.000000,0.007764,0.030681,-2.953402,0.101823,-0.023219,0.000000,67360.821116,0.782212,0.000018,347.220687,-5.000000,4.000000,33.049720,9.774919,32.556626,-9.909689,32.988868,-106.958324,32.556626,12.411686,582.986514,0.030059,2.953402,0.211360,6007.773371,357405.917745,363413.691117,0.000000,-97.609125
25.800000,1026.354441,-156.726518,3308.035804,32.108550,-4.296496,-11.541676,0.421605,-0.430856,0.676503,-0.423015,-0.232629,0.051181,0.000000,-0.270148,0.060517,-9.740393,0.031962,-0.006879,0.000000,0.036286,0.170690,-3.126466,0.210947,-0.045402,0.000000,67405.455279,0.782730,0.000018,347.220687,-5.000000,4.000000,34.389375,9.744326,32.394735,-19.610091,32.988844,-106.958004,32.394735,12.411801,617.999117,0.174510,3.126466,0.187229,6504.647534,356848.242535,363352.890069,-0.000000,-107.517226
26.400000,1045.570059,-159.293326,3299.359912,31.941915,-4.259204,-17.373661,0.382024,-0.451720,0.709269,-0.383310,-0.210819,0.046426,0.000000,-0.285991,0.063762,-9.697578,0.039409,-0.008921,0.000000,0.054208,0.237029,-3.430681,0.260100,-0.058879,0.000000,67480.414568,0.783600,0.000018,347.220687,-5.000000,4.000000,36.609710,9.702004,32.224630,-28.330981,32.988821,-106.957686,32.224630,12.411449,679.680650,0.243147,3.430681,0.153781,7371.643457,355912.346737,363283.990194,0.000000,-125.596231
27.000000,1064.682600,-161.837111,3287.193154,31.764621,-4.219608,-23.176958,0.345141,-0.468601,0.735768,-0.346293,-0.185856,0.040871,0.000000,-0.305168,0.068475,-9.644869,0.042905,-0.009117,0.000000,0.057080,0.271573,-3.863473,0.283174,-0.060169,0.000000,67585.648462,0.784822,0.000018,347.220687,-5.000000,4.000000,39.547031,9.649939,32.043662,-35.877954,32.988798,-106.957369,32.043662,12.412005,767.701697,0.277507,3.863473,0.119503,8601.941662,354599.880225,363201.821886,-0.000000,-152.788872
27.600000,1083.685319,-164.356310,3271.554684,31.575856,-4.177358,-28.944677,0.311865,-0.481911,0.756676,-0.312921,-0.161373,0.035540,0.000000,-0.324479,0.072229,-9.579481,0.038614,-0.008936,0.000000,0.056818,0.241754,-4.422108,0.254853,-0.058975,0.000000,67721.105359,0.786395,0.000018,347.220687,-5.000000,4.000000,43.038115,9.585247,31.850981,-42.263089,32.988776,-106.957054,31.850981,12.410966,881.728703,0.248341,4.422108,0.090105,10187.626645,352912.909132,363100.535777,-0.000000,-190.319208
28.200000,1102.571095,-166.849394,3252.467736,31.374584,-4.132353,-34.671224,0.282407,-0.492322,0.773015,-0.283352,-0.138479,0.030503,0.000000,-0.345698,0.077596,-9.506389,0.035654,-0.007447,0.000000,0.045775,0.223097,-5.103734,0.235318,-0.049152,0.000000,67886.729987,0.788319,0.000018,347.220687,-5.000000,4.000000,46.941822,9.512989,31.645550,-47.612284,32.988753,-106.956742,31.645550,12.411917,1021.400407,0.227744,5.103734,0.066352,12119.506863,350853.939975,362973.446838,-0.000000,-239.578591
28.800000,1121.332411,-169.314624,3229.958785,31.160933,-4.084648,-40.350347,0.256635,-0.500421,0.785738,-0.257501,-0.119147,0.026157,0.000000,-0.367752,0.082156,-9.423860,0.031314,-0.006987,0.000000,0.043142,0.192280,-5.905501,0.206674,-0.046113,0.000000,68082.469946,0.790592,0.000018,347.220687,-5.000000,4.000000,51.145269,9.431391,31.427506,-52.086194,32.988731,-106.956431,31.427506,12.411230,1186.332041,0.197061,5.905501,0.049105,14387.161376,348425.828518,362812.989895,0.000000,-302.038428
29.400000,1139.961482,-171.750293,3204.057672,30.933891,-4.033803,-45.977357,0.234212,-0.506749,0.795674,-0.235003,-0.102233,0.022540,0.000000,-0.388813,0.086706,-9.330887,0.024067,-0.005612,0.000000,0.032784,0.137210,-6.824578,0.158842,-0.037038,0.000000,68308.273701,0.793214,0.000018,347.220687,-5.000000,4.000000,55.561628,9.339386,31.195787,-55.842979,32.988709,-106.956123,31.195787,12.411074,1376.108170,0.141072,6.824578,0.036167,16979.055994,345631.793889,362610.849883,0.000000,-379.184645
30.000000,1158.450299,-174.154608,3174.797506,30.693090,-3.979972,-51.546625,0.214683,-0.511735,0.803501,-0.215403,-0.087988,0.019388,0.000000,-0.412629,0.092474,-9.230813,0.021249,-0.004396,0.000000,0.023717,0.118390,-7.858124,0.140244,-0.029014,0.000000,68564.090497,0.796184,0.000018,347.220687,-5.000000,4.000000,60.124541,9.240494,30.950056,-59.018200,32.988687,-106.955817,30.950056,12.411727,1590.270971,0.120742,7.858124,0.026788,19882.309359,342475.407558,362357.716917,0.000000,-472.466095
30.600000,1176.790472,-176.525677,3142.214534,30.438376,-3.923062,-57.052639,0.197653,-0.515692,0.809715,-0.198318,-0.076411,0.016782,0.000000,-0.437313,0.097869,-9.121727,0.019021,-0.004069,0.000000,0.021891,0.103772,-9.003301,0.125538,-0.026854,0.000000,68849.870372,0.799503,0.000018,347.220687,-5.000000,4.000000,64.783399,9.132728,30.690148,-61.722998,32.988666,-106.955513,30.690148,12.411452,1828.325772,0.106055,9.003301,0.020197,23082.908655,338960.579713,362043.488369,0.000000,-583.264454
31.200000,1194.973380,-178.861584,3106.348405,30.169223,-3.862853,-62.490180,0.182761,-0.518864,0.814695,-0.183376,-0.066713,0.014683,0.000000,-0.460510,0.102844,-9.002392,0.014262,-0.003306,0.000000,0.016307,0.067806,-10.257244,0.094129,-0.021819,0.000000,69165.560679,0.803169,0.000018,347.220687,-5.000000,4.000000,69.499110,9.014750,30.415517,-64.046667,32.988645,-106.955212,30.415517,12.411376,2089.732943,0.069738,10.257244,0.015399,26565.709906,335091.587453,361657.297359,-0.000000,-712.869326
31.800000,1212.990452,-181.160412,3067.241305,29.885270,-3.799352,-67.853976,0.169660,-0.521434,0.818730,-0.170230,-0.058395,0.012866,0.000000,-0.484684,0.108329,-8.874665,0.011372,-0.002564,0.000000,0.010864,0.047120,-11.617026,0.075057,-0.016922,0.000000,69511.112418,0.807181,0.000018,347.220687,-5.000000,4.000000,74.241003,8.888550,30.125811,-66.059735,32.988624,-106.954913,30.125811,12.411503,2373.909726,0.048356,11.617026,0.011799,30314.507745,330872.981371,361187.489116,0.000000,-862.459668
32.400000,1230.832720,-183.420155,3024.939842,29.586620,-3.732586,-73.138495,0.158078,-0.523538,0.822034,-0.158608,-0.051475,0.011329,0.000000,-0.510010,0.114099,-8.738649,0.010564,-0.002240,0.000000,0.008822,0.043278,-13.079659,0.069722,-0.014784,0.000000,69886.462151,0.811540,0.000018,347.220687,-5.000000,4.000000,78.984427,8.754262,29.821139,-67.817549,32.988604,-106.954618,29.821139,12.411689,2680.218891,0.044168,13.079659,0.009167,34311.977621,326309.789339,360621.766960,-0.000000,-1033.089397
33.000000,1248.491424,-185.638852,2979.492620,29.273346,-3.662543,-78.338517,0.147791,-0.525276,0.824762,-0.148287,-0.045793,0.010073,0.000000,-0.535110,0.119678,-8.593830,0.009814,-0.002120,0.000000,0.008360,0.039485,-14.641721,0.064776,-0.013989,0.000000,70291.551956,0.816244,0.000018,347.220687,-5.000000,4.000000,83.709415,8.611305,29.501576,-69.364080,32.988584,-106.954326,29.501576,12.411676,3007.981440,0.040361,14.641721,0.007255,38539.971173,321407.254301,359947.225475,0.000000,-1225.649895
33.600000,1265.957754,-187.814534,2930.951758,28.945409,-3.589219,-83.448897,0.138608,-0.526723,0.827035,-0.139074,-0.040991,0.009015,0.000000,-0.559066,0.124977,-8.439784,0.007830,-0.001759,0.000000,0.005851,0.025198,-16.303339,0.051677,-0.011612,0.000000,70726.314354,0.821293,0.000018,347.220687,-5.000000,4.000000,88.399308,8.459203,29.167091,-70.734438,32.988564,-106.954036,29.167091,12.411591,3356.460620,0.025869,16.303339,0.005813,42979.412981,316170.998648,359150.411629,-0.000000,-1441.203897
34.200000,1283.222828,-189.945219,2879.373370,28.602804,-3.512609,-88.464460,0.130367,-0.527941,0.828946,-0.130804,-0.036721,0.008082,0.000000,-0.582585,0.130231,-8.277374,0.005950,-0.001351,0.000000,0.002926,0.011741,-18.059012,0.039271,-0.008916,0.000000,71190.666216,0.826685,0.000018,347.220687,-5.000000,4.000000,93.039881,8.298873,28.817682,-71.956755,32.988545,-106.953751,28.817682,12.411695,3724.854636,0.012100,18.059012,0.004665,47610.311385,310607.075409,358217.386794,-0.000000,-1680.208331
34.800000,1300.277922,-192.028953,2824.816455,28.245899,-3.432809,-93.380193,0.122933,-0.528973,0.830567,-0.123345,-0.033048,0.007273,0.000000,-0.606267,0.135580,-8.107185,0.005188,-0.001110,0.000000,0.001353,0.007341,-19.904755,0.034238,-0.007326,0.000000,71684.516718,0.832419,0.000018,347.220687,-5.000000,4.000000,97.619032,8.130953,28.453734,-73.053578,32.988526,-106.953468,28.453734,12.411841,4112.317239,0.007464,19.904755,0.003779,52412.118930,304721.849127,357133.968057,0.000000,-1943.082881
35.400000,1317.114698,-194.063872,2767.341282,27.875066,-3.349895,-98.191425,0.116199,-0.529854,0.831950,-0.116589,-0.029977,0.006595,0.000000,-0.629710,0.140793,-7.929360,0.004980,-0.001101,0.000000,0.001639,0.007247,-21.836750,0.032869,-0.007267,0.000000,72207.780215,0.838496,0.000018,347.220687,-5.000000,4.000000,102.126378,7.955571,28.075632,-74.043309,32.988508,-106.953189,28.075632,12.411899,4517.960342,0.007480,21.836750,0.003109,57363.887125,298521.821163,355885.708288,0.000000,-2230.108218
36.000000,1333.724852,-196.048122,2707.011949,27.490590,-3.263929,-102.893650,0.110074,-0.530611,0.833139,-0.110443,-0.027316,0.006012,0.000000,-0.651857,0.145754,-7.743900,0.003977,-0.000866,0.000000,0.000018,0.000422,-23.851021,0.026250,-0.005718,0.000000,72760.351139,0.844912,0.000018,347.220687,-5.000000,4.000000,106.552752,7.772654,27.683674,-74.941098,32.988490,-106.952914,27.683674,12.411991,4940.838619,0.000385,23.851021,0.002582,62444.191772,292013.906062,354458.097834,0.000000,-2541.391939
36.600000,1350.100329,-197.979900,2643.895105,27.092845,-3.174998,-107.482548,0.104478,-0.531266,0.834168,-0.104827,-0.024955,0.005492,0.000000,-0.673623,0.150613,-7.551510,0.003529,-0.000778,0.000000,-0.000409,-0.001898,-25.943365,0.023290,-0.005132,0.000000,73342.113484,0.851668,0.000018,347.220687,-5.000000,4.000000,110.890040,7.582991,27.278248,-75.759436,32.988473,-106.952643,27.278248,12.412047,5379.956032,0.001749,25.943365,0.002155,67631.308038,285205.293226,352836.601264,-0.000000,-2876.860807
37.200000,1366.233540,-199.857510,2578.057899,26.682304,-3.083206,-111.954084,0.099345,-0.531836,0.835062,-0.099677,-0.022910,0.005042,0.000000,-0.694769,0.155342,-7.352512,0.003397,-0.000747,0.000000,-0.000386,-0.001750,-28.109374,0.022419,-0.004933,0.000000,73952.957734,0.858761,0.000018,347.220687,-5.000000,4.000000,115.131092,7.386899,26.859850,-76.508685,32.988456,-106.952376,26.859850,12.412032,5834.276140,0.001802,28.109374,0.001816,72903.427692,278103.226500,351006.654192,0.000000,-3236.262916
37.800000,1382.116686,-201.679209,2509.574236,26.259463,-2.988662,-116.304284,0.094621,-0.532334,0.835845,-0.094938,-0.021109,0.004649,0.000000,-0.715253,0.159905,-7.147313,0.003573,-0.000809,0.000000,0.000372,0.000840,-30.344330,0.023579,-0.005342,0.000000,74592.720764,0.866190,0.000018,347.220687,-5.000000,4.000000,119.269350,7.184792,26.428990,-77.197515,32.988440,-106.952113,26.428990,12.412021,6302.695694,-0.000686,30.344330,0.001542,78238.479913,270715.678030,348954.157942,0.000000,-3619.148505
38.400000,1397.742537,-203.443380,2438.517918,25.824837,-2.891488,-120.529501,0.090259,-0.532773,0.836533,-0.090561,-0.019523,0.004297,0.000000,-0.734434,0.164196,-6.936190,0.003252,-0.000735,0.000000,-0.000011,-0.000780,-32.643315,0.021461,-0.004852,0.000000,75261.246879,0.873953,0.000018,347.220687,-5.000000,4.000000,123.299001,6.976897,25.986207,-77.833244,32.988424,-106.951854,25.986207,12.412011,6784.073490,0.000775,32.643315,0.001319,83614.541452,263050.609118,346665.150570,0.000000,-4024.888135
39.000000,1413.104122,-205.148465,2364.965861,25.378982,-2.791800,-124.626399,0.086219,-0.533160,0.837141,-0.086507,-0.018091,0.003982,0.000000,-0.752817,0.168298,-6.719757,0.003182,-0.000730,0.000000,0.000167,-0.000370,-35.001184,0.020999,-0.004820,0.000000,75958.355718,0.882048,0.000018,347.220687,-5.000000,4.000000,127.214882,6.763889,25.532075,-78.422082,32.988408,-106.951600,25.532075,12.412031,7277.230115,0.000366,35.001184,0.001132,89009.945505,255116.317081,344126.262586,-0.000000,-4452.671441
39.600000,1428.194858,-206.792991,2288.996531,24.922503,-2.689738,-128.591884,0.082466,-0.533504,0.837681,-0.082742,-0.016818,0.003701,0.000000,-0.768892,0.171928,-6.498137,0.001363,-0.000280,0.000000,-0.003350,-0.014490,-37.412576,0.008994,-0.001851,0.000000,76683.854631,0.890473,0.000018,347.220687,-5.000000,4.000000,131.012360,6.545726,25.067227,-78.969307,32.988394,-106.951350,25.067227,12.412101,7780.945358,0.014871,37.412576,0.000979,94403.312562,246921.266087,341324.578649,0.000000,-4901.509876
40.200000,1443.008706,-208.375609,2210.687865,24.455998,-2.585434,-132.423256,0.078968,-0.533811,0.838163,-0.079231,-0.015675,0.003450,0.000000,-0.785587,0.175645,-6.272561,0.001853,-0.000409,0.000000,-0.002097,-0.009596,-39.871965,0.012227,-0.002702,0.000000,77437.556501,0.899225,0.000018,347.220687,-5.000000,4.000000,134.687413,6.324004,24.592282,-79.479470,32.988379,-106.951105,24.592282,12.412120,8293.978285,0.009823,39.871965,0.000850,99773.846118,238473.863717,338247.709836,-0.000000,-5370.251855
40.800000,1457.540038,-209.895061,2130.118059,23.980095,-2.479029,-136.118132,0.075700,-0.534085,0.838593,-0.075953,-0.014667,0.003228,0.000000,-0.800621,0.179005,-6.043001,0.001581,-0.000351,0.000000,-0.002417,-0.011082,-42.373649,0.010433,-0.002314,0.000000,78219.270757,0.908303,0.000018,347.220687,-5.000000,4.000000,138.236524,6.098434,24.107894,-79.956490,32.988366,-106.950864,24.107894,12.412125,8815.064147,0.011343,42.373649,0.000744,105101.351600,229782.544849,334883.896449,-0.000000,-5857.585926
41.400000,1471.783149,-211.350070,2047.373143,23.495452,-2.370670,-139.674245,0.072639,-0.534331,0.838979,-0.072881,-0.013744,0.003025,0.000000,-0.814837,0.182173,-5.810197,0.001737,-0.000399,0.000000,-0.001857,-0.009060,-44.911627,0.011466,-0.002633,0.000000,79028.727149,0.917702,0.000018,347.220687,-5.000000,4.000000,141.656454,5.869885,23.614748,-80.403742,32.988353,-106.950629,23.614748,12.412129,9342.884780,0.009249,44.911627,0.000654,110366.031572,220856.590208,331222.621781,-0.000000,-6362.021831
42.000000,1485.733006,-212.739512,1962.536905,23.002769,-2.260512,-143.089764,0.069766,-0.534552,0.839327,-0.069999,-0.012920,0.002844,0.000000,-0.827198,0.184960,-5.574497,0.000961,-0.000197,0.000000,-0.003377,-0.014805,-47.479784,0.006342,-0.001302,0.000000,79865.670811,0.927421,0.000018,347.220687,-5.000000,4.000000,144.944534,5.638572,23.113574,-80.824158,32.988340,-106.950397,23.113574,12.412149,9876.121629,0.015185,47.479784,0.000578,115549.049476,211705.037976,327254.087452,-0.000000,-6881.935185
42.600000,1499.385008,-214.062358,1875.693876,22.502701,-2.148706,-146.363272,0.067063,-0.534753,0.839642,-0.067286,-0.012123,0.002666,0.000000,-0.839345,0.187655,-5.336797,0.001490,-0.000341,0.000000,-0.002025,-0.009722,-50.071949,0.009837,-0.002254,0.000000,80729.831534,0.937456,0.000018,347.220687,-5.000000,4.000000,148.098601,5.405655,22.605054,-81.220331,32.988328,-106.950171,22.605054,12.412164,10413.454666,0.009928,50.071949,0.000508,120632.576980,202337.006884,322969.583864,0.000000,-7415.585582
43.200000,1512.734963,-215.317671,1786.929661,21.996045,-2.035425,-149.493573,0.064515,-0.534934,0.839927,-0.064730,-0.011469,0.002524,0.000000,-0.849424,0.189936,-5.097308,0.000877,-0.000166,0.000000,-0.003346,-0.014253,-52.681787,0.005787,-0.001099,0.000000,81620.918437,0.947804,0.000018,347.220687,-5.000000,4.000000,151.116833,5.171087,22.090020,-81.594475,32.988317,-106.949950,22.090020,12.412237,10953.548128,0.014553,52.681787,0.000455,125599.635350,192761.731329,318361.366679,0.000000,-7961.104908
43.800000,1525.779113,-216.504611,1696.330467,21.483452,-1.920817,-152.479895,0.062107,-0.535099,0.840186,-0.062314,-0.010836,0.002386,0.000000,-0.858942,0.192185,-4.856919,0.001226,-0.000069,0.000000,-0.003923,-0.010844,-55.302919,0.008092,-0.000458,0.000000,82538.622525,0.958460,0.000018,347.220687,-5.000000,3.999998,153.997878,4.936029,21.569150,-81.948604,32.988306,-106.949734,21.569150,12.412248,11495.075197,0.010423,55.302919,0.000406,130434.406205,182988.510926,313422.917131,0.000000,-8516.532160
44.400000,1538.514114,-217.622431,1603.982757,20.965684,-1.805053,-155.321786,0.059829,-0.535250,0.840422,-0.060029,-0.010266,0.002261,0.000000,-0.866962,0.193995,-4.616028,0.001153,-0.000028,0.000000,-0.004133,-0.010935,-57.928928,0.007607,-0.000187,0.000000,83482.618328,0.969422,0.000018,347.220687,-5.000000,3.999998,156.740790,4.700742,21.043244,-82.284454,32.988296,-106.949523,21.043244,12.412260,12036.719196,0.010419,57.928928,0.000365,135122.214687,173026.672519,308148.887206,0.000000,-9079.825965
45.000000,1550.937025,-218.672016,1509.973112,20.443467,-1.693109,-158.019123,0.058070,-0.535446,0.840615,-0.057237,-0.011144,-0.000899,0.000000,-0.873592,0.182766,-4.375394,-0.001567,-0.005297,0.000000,0.040471,-0.033336,-60.546981,-0.010345,-0.034961,0.000000,84452.563377,0.980685,0.000018,347.220687,-5.000000,3.754472,159.345051,4.465495,20.513458,-82.603438,32.988287,-106.949318,20.513458,12.918021,12575.862455,0.060230,60.546981,0.000412,139649.649292,162885.555980,302535.205272,0.000000,-9647.861816
45.600000,1563.045511,-219.654347,1414.388429,19.917602,-1.582569,-160.572491,0.056439,-0.535632,0.840788,-0.054523,-0.010290,-0.000203,0.000000,-0.879098,0.185294,-4.135969,0.004310,0.007363,0.000000,-0.065470,0.016365,-63.157450,0.028444,0.048594,0.000000,85448.094444,0.992246,0.000018,347.220687,-5.000000,3.493787,161.810816,4.232421,19.980375,-82.907023,32.988278,-106.949117,19.980375,13.489677,13112.617062,0.066814,63.157450,0.000350,144005.071920,152574.535207,296579.607127,-0.000000,-10219.558544
46.200000,1574.837559,-220.572148,1317.314839,19.388801,-1.477402,-162.982332,0.054884,-0.535804,0.840944,-0.051945,-0.009706,-0.000006,0.000000,-0.883450,0.172528,-3.897332,0.001949,0.002214,0.000000,-0.023557,-0.002350,-65.754372,0.012862,0.014611,0.000000,86468.837116,1.004099,0.000018,347.220687,-5.000000,3.229040,164.138201,3.999931,19.445007,-83.196346,32.988269,-106.948922,19.445007,14.072633,13645.806215,0.029608,65.754372,0.000311,148177.419354,142102.901256,290280.320610,0.000000,-10792.804364
46.800000,1586.311362,-221.428508,1218.837188,18.857804,-1.377989,-165.249457,0.053410,-0.535964,0.841086,-0.049480,-0.009371,-0.000264,0.000000,-0.886419,0.162492,-3.660607,0.001387,0.001391,0.000000,-0.016334,-0.006709,-68.331539,0.009152,0.009178,0.000000,87514.410015,1.016240,0.000018,347.220687,-5.000000,2.960465,166.327685,3.769905,18.908084,-83.472521,32.988262,-106.948732,18.908084,14.680848,14174.215170,0.017693,68.331539,0.000290,152156.943612,131479.806788,283636.750400,0.000000,-11365.426716
47.400000,1597.466357,-222.226895,1119.043546,18.325352,-1.284161,-167.375386,0.052009,-0.536113,0.841214,-0.047119,-0.008966,-0.000305,0.000000,-0.888252,0.151379,-3.426239,0.000656,-0.000062,0.000000,-0.004386,-0.012259,-70.883173,0.004332,-0.000411,0.000000,88584.375264,1.028665,0.000018,347.220687,-5.000001,2.688301,168.380484,3.542742,18.370291,-83.736570,32.988255,-106.948547,18.370291,15.314657,14696.728933,0.013020,70.883173,0.000266,155935.931420,120714.752285,276650.683705,0.000000,-11935.342961
48.000000,1608.301627,-222.970913,1018.018795,17.792182,-1.196458,-169.361611,0.050678,-0.536253,0.841331,-0.044855,-0.008581,-0.000321,0.000000,-0.888847,0.140892,-3.194783,0.000586,-0.000000,0.000000,-0.004989,-0.012394,-73.403456,0.003866,-0.000002,0.000000,89678.304959,1.041368,0.000018,347.220687,-5.000032,2.412779,170.297823,3.319117,17.832365,-83.989379,32.988248,-106.948368,17.832365,15.975161,15212.234901,0.013360,73.403456,0.000243,159507.416686,109816.894222,269324.310908,0.000000,-12500.448666
48.600000,1618.819710,-223.664072,915.840410,17.267902,-1.115230,-171.209965,0.048226,-0.536419,0.841520,-0.041929,-0.013233,0.002005,0.000000,-0.843242,0.129810,-2.966178,-0.030290,0.014392,0.000000,-0.123210,-0.265394,-75.830019,-0.199913,0.094985,0.000000,90795.827649,1.054345,0.000018,347.220687,-4.495042,2.134110,172.082179,3.086441,17.303878,-84.228818,32.988242,-106.948194,17.303878,16.479944,15708.178062,0.293025,75.830019,0.000591,162867.520490,98794.589923,261662.110412,0.000000,-13048.994934
49.200000,1629.025861,-224.310546,812.593297,16.754517,-1.040848,-172.925039,0.045566,-0.536580,0.841710,-0.038919,-0.012323,0.001727,0.000000,-0.840122,0.118147,-2.747879,-0.000983,0.000750,0.000000,-0.010237,-0.022051,-78.207751,-0.006486,0.004949,0.000000,91936.466137,1.067590,0.000018,347.220687,-3.875560,1.852527,173.737925,2.875866,16.786817,-84.455346,32.988236,-106.948025,16.786817,16.981414,16193.766751,0.056276,78.207751,0.000511,166016.765765,87656.998600,253673.764365,0.000000,-13587.652265
49.800000,1638.929112,-224.914517,708.356768,16.258720,-0.973601,-174.508376,0.043016,-0.536727,0.841879,-0.036023,-0.012554,0.001964,0.000000,-0.824470,0.106056,-2.531985,0.015205,-0.006747,0.000000,0.050853,0.110441,-80.544494,0.100351,-0.044533,0.000000,93099.778033,1.081099,0.000018,347.220687,-3.250141,1.568246,175.266846,2.664947,16.287844,-84.667712,32.988230,-106.947861,16.287844,17.536834,16670.672174,0.126429,80.544494,0.000533,168951.570869,76412.675850,245364.246719,0.000000,-14116.779485
50.400000,1648.539667,-225.480332,603.208723,15.779950,-0.913758,-175.962625,0.040572,-0.536861,0.842030,-0.033238,-0.011966,0.001809,0.000000,-0.781653,0.093953,-2.317646,-0.000047,0.000980,0.000000,-0.012501,-0.013996,-82.835598,-0.000308,0.006466,0.000000,94285.310070,1.094866,0.000018,347.220687,-2.619252,1.281478,176.671127,2.447711,15.806384,-84.867007,32.988225,-106.947702,15.806384,18.154285,17138.040936,0.018358,82.835598,0.000483,171669.779313,65070.025045,236739.804359,0.000000,-14634.658444
51.000000,1657.868711,-226.012529,497.226601,15.319994,-0.860892,-177.290558,0.038204,-0.536983,0.842164,-0.030546,-0.011249,0.002591,0.000000,-0.750734,0.132823,-2.110109,0.030712,0.064175,0.000000,-0.524033,0.235787,-85.077040,0.202698,0.423555,0.000000,95492.586703,1.108885,0.000018,347.220687,-1.983360,1.005558,177.953323,2.243614,15.344163,-85.053485,32.988220,-106.947547,15.344163,18.833379,17595.139438,0.574656,85.077040,0.000440,174170.619787,53637.399693,227808.019480,0.000000,-15139.742047
51.600000,1666.927554,-226.512258,390.484802,14.879467,-0.807503,-178.495078,0.035158,-0.537032,0.842315,-0.029140,-0.009598,0.005214,0.000000,-0.717490,0.079750,-1.906208,-0.004981,-0.012132,0.000000,0.097617,-0.054157,-87.269589,-0.032871,-0.080073,0.000000,96721.138876,1.123151,0.000018,347.220687,-1.342909,1.219030,179.116006,2.038328,14.901362,-85.227824,32.988216,-106.947397,14.901362,17.826901,18042.170236,0.111023,87.269589,0.000394,176453.990056,42122.825627,218576.815682,0.000000,-15631.380183
52.200000,1675.728140,-226.979830,283.056599,14.459248,-0.750564,-179.579273,0.032238,-0.537076,0.842451,-0.027744,-0.008945,0.005751,0.000000,-0.683045,0.102714,-1.708627,0.002998,0.005030,0.000000,-0.045178,0.013046,-89.404505,0.019785,0.033198,0.000000,97970.482262,1.137659,0.000018,347.220687,-0.698340,1.433887,180.162006,1.842961,14.478716,-85.390455,32.988212,-106.947251,14.478716,16.766360,18477.424458,0.040946,89.404505,0.000373,178520.916256,30534.206943,209055.123199,0.000000,-16107.294991
52.800000,1684.282858,-227.411969,175.013095,14.060039,-0.689089,-180.546529,0.029404,-0.537113,0.842575,-0.026415,-0.008752,0.005334,0.000000,-0.647619,0.102368,-1.516557,-0.002048,-0.006303,0.000000,0.049208,-0.028178,-91.478648,-0.013515,-0.041602,0.000000,99240.129045,1.152402,0.000018,347.220687,-0.050079,1.649974,181.094474,1.652221,14.076915,-85.541762,32.988208,-106.947110,14.076915,15.548861,18900.331108,0.053172,91.478648,0.000347,180373.647574,18879.213853,199252.861427,0.000000,-16566.277675
53.400000,1692.604525,-227.805519,66.423436,13.682411,-0.621638,-181.400421,0.026666,-0.537143,0.842686,-0.025126,-0.008089,0.005650,0.000000,-0.610473,0.106138,-1.330521,-0.005719,-0.012398,0.000000,0.098470,-0.056763,-93.489092,-0.037744,-0.081830,0.000000,100529.585622,1.167376,0.000018,347.220687,0.601459,1.867153,181.916760,1.467729,13.696526,-85.682111,32.988204,-106.946972,13.696526,14.189261,19310.393356,0.103494,93.489092,0.000321,182015.391065,7165.305226,189180.696291,0.000000,-17007.232684
