# Time (s), X (m), Y (m), Z (m), Vx (m/s), Vy (m/s), Vz (m/s), e0, e1, e2, e3, ω1 (rad/s), ω2 (rad/s), ω3 (rad/s), Ax (m/s2), Ay (m/s2), Az (m/s2), α1 (rad/s2), α2 (rad/s2), α3 (rad/s2), R1 (N), R2 (N), R3 (N), M1 (Nm), M2 (Nm), Aerodynamic Spin Moment (N m), Pressure (Pa), Density (kg/m³), Dynamic Viscosity (Pa s), Speed of Sound (m/s), Wind Velocity X (East) (m/s), Wind Velocity Y (North) (m/s), Speed - Velocity Magnitude (m/s), Acceleration Magnitude (m/s²), (((Vx (m/s)**2) + (Vy (m/s)**2))**0.5), Path Angle (°), Latitude (°), Longitude (°), (((Vx (m/s)**2) + (Vy (m/s)**2))**0.5), Spin Angle - φ (°), Dynamic Pressure (Pa), Aerodynamic Lift Force (N), Aerodynamic Drag Force (N), Rotational Kinetic Energy (J), Kinetic Energy (J), ((Scalar*9.80665)*Z (m)), Total Mechanical Energy (J), Thrust Power (W), Drag Power (W)
0.000000,0.000000,0.000000,0.000000,0.000000,0.000000,0.000000,0.704416,-0.061628,0.061628,-0.704416,0.000000,0.000000,0.000000,0.000000,0.000000,0.000000,0.000000,0.000000,0.000000,-2.735970,2.694405,-0.147658,8.635350,8.768564,0.000000,101325.000000,1.176613,0.000018,347.220687,5.000000,5.000000,0.000000,0.000000,0.000000,0.000000,32.990254,-106.974998,0.000000,0.000000,29.415313,3.839967,0.147658,0.000000,0.000000,0.000000,0.000000,0.000000,-0.000000
0.600000,5.186423,0.041044,28.706770,19.964229,0.200606,109.109794,0.704386,-0.055439,0.061812,-0.704944,0.059393,0.064513,0.000000,38.244431,-0.476406,210.411436,0.216435,0.251810,0.000000,-19.018495,16.342467,-34.374956,45.037970,52.422654,0.000000,100980.616234,1.172613,0.000018,347.220687,5.000000,5.000000,110.921404,213.859383,19.965237,79.630564,32.990254,-106.974912,19.965237,3.088259,7124.746483,25.075909,34.374956,0.804701,75527.175843,3456.232048,78983.407891,307518.338894,-3812.917831
1.200000,22.935108,-0.757423,130.101994,35.566224,-3.752632,212.543418,0.703647,-0.025058,0.065391,-0.707091,-0.021023,-0.001729,0.000000,7.913229,-7.949698,73.649899,-0.469032,-0.526899,0.000000,36.636892,-32.622144,-132.883006,-75.435912,-84.810735,0.000000,99771.795307,1.158576,0.000018,347.220687,5.000000,5.000000,215.531304,74.499157,35.763648,80.448590,32.990247,-106.974618,35.763648,23.893437,26754.774905,49.055745,132.883006,0.035806,270433.428780,14855.053725,285288.482505,241640.823335,-28640.447512
1.800000,46.312637,-3.864460,270.917597,43.248216,-5.640756,256.870354,0.703992,-0.041978,0.066155,-0.705873,0.040597,0.045563,0.000000,14.443171,-1.003339,73.896695,0.263115,0.332844,0.000000,-21.639181,17.108790,-196.823201,35.293181,44.667607,0.000000,98112.471347,1.139308,0.000018,347.220687,5.000000,5.000000,260.546743,75.301618,43.614520,80.363540,32.990219,-106.974231,43.614520,12.526684,38484.980050,27.581417,196.823201,0.250021,384446.115776,30092.050770,414538.166547,300658.107580,-51281.644397
2.400000,74.327585,-8.018482,438.199513,50.110402,-8.251698,300.167248,0.703821,-0.039938,0.068083,-0.705978,-0.029455,-0.029772,0.000000,13.629378,-1.595396,68.167332,0.298106,0.293153,0.000000,-17.243062,17.535115,-289.282874,31.965323,31.437553,0.000000,96170.391103,1.116756,0.000018,347.220687,5.000000,5.000000,304.433112,69.534817,50.785263,80.397073,32.990182,-106.973767,50.785263,14.516098,51544.386900,24.563364,289.282874,0.093515,510136.378963,47306.955810,557443.334774,352357.348906,-88067.307726
3.000000,106.507821,-13.403767,629.679546,56.491203,-10.004147,335.880806,0.703704,-0.038786,0.069347,-0.706036,-0.027027,-0.024535,0.000000,9.294549,-2.053660,46.821974,0.116302,0.092223,0.000000,-4.670889,5.895548,-468.927976,9.282370,7.373756,0.000000,93985.709785,1.091387,0.000018,347.220687,5.000000,5.000000,340.745146,47.779740,57.370193,80.307121,32.990133,-106.973234,57.370193,15.687056,63132.567569,7.437854,468.927976,0.052153,621580.458408,66116.250671,687696.709079,369036.960125,-159784.931565
3.600000,141.812079,-19.711315,838.093958,60.672501,-11.094504,356.447698,0.703640,-0.039644,0.070429,-0.705945,-0.012907,-0.009841,0.000000,-5.617771,2.315359,-49.299709,0.627052,0.615190,0.000000,-5.776616,5.867074,-622.547999,5.682846,5.576612,0.000000,91653.670659,1.064307,0.000018,347.220687,5.000000,5.000000,361.744664,60.706063,61.678525,80.182938,32.990077,-106.972650,61.678525,15.531569,69399.926433,8.233581,622.547999,0.006648,681983.647715,85666.903731,767650.551446,350581.856868,-225203.416768
4.200000,176.777497,-25.945567,1041.011325,56.262835,-9.809564,322.519185,0.703542,-0.039457,0.071623,-0.705933,-0.004203,0.002498,0.000000,-5.759647,1.483692,-45.131124,-0.197153,-0.196475,0.000000,1.499485,-1.549641,-358.210391,-1.301210,-1.296735,0.000000,89428.377926,1.038466,0.000018,347.220687,5.000000,5.000000,327.536806,45.521349,57.111594,79.958179,32.990021,-106.972071,57.111594,16.052330,55488.253781,2.156697,358.210391,0.000292,545311.434333,103784.025420,649095.459754,269377.816326,-117327.087240
4.800000,209.642171,-31.574252,1227.178831,53.417883,-8.991149,298.920955,0.703458,-0.040434,0.072967,-0.705824,-0.007700,-0.001157,0.000000,-4.155732,1.220758,-35.557701,0.026192,0.022317,0.000000,-0.165197,0.155330,-261.127647,0.172865,0.147295,0.000000,87425.448886,1.015207,0.000018,347.220687,5.000000,5.000000,303.789481,35.820531,54.169281,79.728552,32.989970,-106.971527,54.169281,15.911403,46645.617761,0.227515,261.127647,0.000235,461925.841351,120471.778450,582397.619801,68781.766197,-79327.832283
5.400000,240.994150,-36.765557,1400.476517,51.165617,-8.338358,279.268312,0.703358,-0.041253,0.074431,-0.705723,-0.006071,0.001062,0.000000,-3.367063,0.990372,-30.244863,0.019565,0.018979,0.000000,-0.152366,0.117222,-207.373605,0.129131,0.125259,0.000000,85593.778197,0.993937,0.000018,347.220687,5.000000,5.000000,284.039150,30.447819,51.840608,79.483878,32.989923,-106.971008,51.840608,15.906481,39906.571352,0.192354,207.373605,0.000125,403391.194495,137339.830388,540731.024883,-0.000000,-58902.222434
6.000000,271.118897,-41.602227,1562.822458,49.291688,-7.796926,262.178371,0.703247,-0.042119,0.076026,-0.705613,-0.006589,0.001228,0.000000,-2.928771,0.852029,-27.156387,0.006893,0.006409,0.000000,-0.055954,0.019601,-176.158163,0.045493,0.042296,0.000000,83906.173577,0.974341,0.000018,347.220687,5.000000,5.000000,266.885670,27.327148,49.904535,79.222915,32.989880,-106.970509,49.904535,15.916956,34522.352807,0.056815,176.158163,0.000148,356139.803411,153260.528538,509400.331949,0.000000,-47014.089374
6.600000,300.185395,-46.133145,1715.378566,47.627103,-7.315607,246.560979,0.703123,-0.043054,0.077757,-0.705491,-0.006789,0.001809,0.000000,-2.628722,0.752882,-24.960788,-0.008159,-0.006606,0.000000,0.042847,-0.095779,-153.988567,-0.053849,-0.043598,0.000000,82344.988874,0.956212,0.000018,347.220687,5.000000,5.000000,251.225348,25.110116,48.185673,78.942000,32.989839,-106.970028,48.185673,15.930755,30006.428345,0.105162,153.988567,0.000163,315570.877223,168221.172140,483792.049362,-0.000000,-38685.831270
7.200000,328.306547,-50.391008,1858.941539,46.140094,-6.885540,232.186870,0.702986,-0.044124,0.079642,-0.705351,-0.006811,0.002466,0.000000,-2.324039,0.675090,-22.921537,0.003033,0.003857,0.000000,-0.041027,-0.006292,-133.363096,0.020016,0.025457,0.000000,80897.399090,0.939402,0.000018,347.220687,5.000000,5.000000,236.827071,23.048943,46.651033,78.639380,32.989801,-106.969562,46.651033,15.915827,26183.250670,0.040475,133.363096,0.000173,280435.307390,182299.890410,462735.197800,0.000000,-31583.991226
7.800000,355.588548,-54.406372,1994.242564,44.826827,-6.506772,218.998268,0.702833,-0.045235,0.081686,-0.705200,-0.008122,0.001943,0.000000,-2.060042,0.592454,-21.101903,-0.004108,-0.002359,0.000000,0.010552,-0.065506,-114.968460,-0.027111,-0.015568,0.000000,79552.045980,0.923779,0.000018,347.220687,5.000000,5.000000,223.633683,21.210495,45.296606,78.313988,32.989765,-106.969110,45.296606,15.927383,22946.133259,0.065954,114.968460,0.000230,250060.120026,195568.388420,445628.508447,-0.000000,-25710.820174
8.400000,382.128405,-58.207376,2121.937792,43.661220,-6.169789,206.800819,0.702663,-0.046485,0.083907,-0.705027,-0.008579,0.002387,0.000000,-1.832523,0.532236,-19.601046,0.001752,0.003296,0.000000,-0.035051,-0.018947,-99.785564,0.011565,0.021752,0.000000,78298.994310,0.909228,0.000018,347.220687,5.000000,5.000000,211.449632,19.693715,44.094993,77.963391,32.989731,-106.968671,44.094993,15.917270,20178.522764,0.039837,99.785564,0.000262,223554.735381,208091.012445,431645.747826,-0.000000,-21099.620825
9.000000,408.006698,-61.817212,2242.569128,42.618235,-5.868297,195.427445,0.702472,-0.047816,0.086320,-0.704837,-0.009148,0.002762,0.000000,-1.646690,0.476771,-18.346265,-0.000133,0.001356,0.000000,-0.020540,-0.033623,-87.099894,-0.000878,0.008953,0.000000,77129.986559,0.895654,0.000018,347.220687,5.000000,5.000000,200.106565,18.426187,43.020354,77.585222,32.989698,-106.968242,43.020354,15.919773,17789.982693,0.039514,87.099894,0.000301,200213.186838,219920.905422,420134.092260,0.000000,-17429.260522
9.600000,433.290997,-65.255435,2356.589823,41.678978,-5.596874,184.748295,0.702259,-0.049264,0.088944,-0.704623,-0.009898,0.003051,0.000000,-1.487441,0.429309,-17.278080,-0.001695,-0.000174,0.000000,-0.008772,-0.046323,-76.301394,-0.011185,-0.001147,0.000000,76038.072278,0.882974,0.000018,347.220687,5.000000,5.000000,189.473995,17.347300,42.053088,77.176615,32.989667,-106.967824,42.053088,15.922583,15712.335310,0.047145,76.301394,0.000354,179501.973390,231102.515866,410604.489257,-0.000000,-14457.129928
10.200000,458.039081,-68.538738,2464.385221,40.828271,-5.351162,174.659141,0.702020,-0.050841,0.091799,-0.704384,-0.010865,0.003230,0.000000,-1.352595,0.389541,-16.376106,-0.002749,-0.000922,0.000000,-0.002734,-0.055573,-67.185552,-0.018147,-0.006087,0.000000,75017.317755,0.871121,0.000018,347.220687,5.000000,5.000000,179.447480,16.436487,41.177454,76.734248,32.989638,-106.967414,41.177454,15.924874,13892.907680,0.055635,67.185552,0.000424,161006.991572,241673.633265,402680.624837,0.000000,-12056.278010
10.800000,482.300070,-71.681321,2566.281946,40.053488,-5.127330,165.073354,0.701750,-0.052566,0.094913,-0.704113,-0.011887,0.003506,0.000000,-1.233741,0.355567,-15.593549,-0.002514,-0.000491,0.000000,-0.006298,-0.054527,-59.276233,-0.016590,-0.003238,0.000000,74062.649246,0.860035,0.000018,347.220687,5.000000,5.000000,169.940530,15.646320,40.380334,76.254211,32.989609,-106.967012,40.380334,15.924230,12290.123790,0.054863,59.276233,0.000507,144398.919014,251666.288452,396065.207467,-0.000000,-10073.434377
11.400000,506.116636,-74.695496,2662.561630,39.345742,-4.922813,155.927418,0.701445,-0.054445,0.098314,-0.703807,-0.012952,0.003860,0.000000,-1.129092,0.324619,-14.907367,-0.003318,-0.001224,0.000000,-0.000763,-0.061620,-52.342623,-0.021898,-0.008081,0.000000,73169.669051,0.849665,0.000018,347.220687,5.000000,5.000000,160.890277,14.953589,39.652509,75.732055,32.989582,-106.966618,39.652509,15.926410,10872.085828,0.061583,52.342623,0.000603,129428.406430,261108.100068,390536.506498,0.000000,-8421.419173
12.000000,529.526721,-77.592241,2753.472158,38.697542,-4.735464,147.168119,0.701098,-0.056509,0.102038,-0.703460,-0.014167,0.004306,0.000000,-1.034953,0.297730,-14.302548,-0.003132,-0.000885,0.000000,-0.003912,-0.060999,-46.230759,-0.020671,-0.005839,0.000000,72334.509051,0.839967,0.000018,347.220687,5.000000,5.000000,152.244474,14.343035,38.986207,75.162627,32.989556,-106.966230,38.986207,15.925596,9612.904774,0.061123,46.230759,0.000724,115891.899469,270023.377427,385915.276896,-0.000000,-7038.377546
12.600000,552.564151,-80.381336,2839.231695,38.102650,-4.563579,138.750460,0.700704,-0.058785,0.106123,-0.703062,-0.015616,0.004741,0.000000,-0.949577,0.274646,-13.767011,-0.001959,0.000890,0.000000,-0.018386,-0.052795,-40.818566,-0.012929,0.005876,0.000000,71553.760806,0.830901,0.000018,347.220687,5.000000,5.000000,143.959468,13.802453,38.374968,74.539863,32.989531,-106.965849,38.374968,15.920373,8491.367523,0.055917,40.818566,0.000879,103621.642344,278433.515035,382055.157379,-0.000000,-5876.219080
13.200000,575.259342,-83.071557,2920.033478,37.555702,-4.405745,130.635949,0.700251,-0.061290,0.110618,-0.702606,-0.017449,0.005020,0.000000,-0.872410,0.254075,-13.290904,-0.000936,0.002954,0.000000,-0.034752,-0.046302,-36.007839,-0.006177,0.019493,0.000000,70824.404635,0.822432,0.000018,347.220687,5.000000,5.000000,135.998502,13.321928,37.813243,73.856643,32.989507,-106.965473,37.813243,15.914351,7489.922735,0.057884,36.007839,0.001088,92477.963766,286357.463095,378835.426862,-0.000000,-4897.012163
13.800000,597.639735,-85.670789,2996.048898,37.052292,-4.260592,122.791408,0.699729,-0.064027,0.115583,-0.702083,-0.019567,0.005234,0.000000,-0.804262,0.233235,-12.865988,-0.002754,0.002019,0.000000,-0.027018,-0.062686,-31.718671,-0.018175,0.013326,0.000000,70143.759475,0.814528,0.000018,347.220687,5.000000,5.000000,128.330647,12.893211,37.296447,73.104458,32.989483,-106.965102,37.296447,15.919502,6593.943469,0.068262,31.718671,0.001354,82343.775751,293812.029254,376155.805004,-0.000000,-4070.477568
14.400000,619.730287,-88.186260,3067.431259,36.588916,-4.126503,115.187822,0.699121,-0.067048,0.121091,-0.701478,-0.021472,0.006050,0.000000,-0.742789,0.212821,-12.486005,-0.005620,-0.000751,0.000000,-0.005735,-0.086618,-27.885294,-0.037091,-0.004954,0.000000,69509.430606,0.807162,0.000018,347.220687,5.000000,5.000000,120.929778,12.509890,36.820874,72.273030,32.989461,-106.964737,36.820874,15.930408,5791.138295,0.086806,27.885294,0.001642,73120.057346,300812.247546,373932.304892,-0.000000,-3372.162460
15.000000,641.553697,-90.624627,3134.317426,36.161793,-4.002851,107.799924,0.698413,-0.070466,0.127217,-0.700764,-0.023750,0.007044,0.000000,-0.683395,0.197467,-12.146226,-0.004247,0.001197,0.000000,-0.022322,-0.076963,-24.453163,-0.028033,0.007899,0.000000,68919.279600,0.800309,0.000018,347.220687,5.000000,5.000000,113.773993,12.167038,36.382662,71.350372,32.989439,-106.964375,36.382662,15.921305,5071.129431,0.080136,24.453163,0.002025,64722.609879,307371.539906,372094.149784,0.000000,-2782.133959
15.600000,663.130897,-92.991837,3196.829866,35.767589,-3.889290,100.605432,0.697580,-0.074265,0.134057,-0.699926,-0.027000,0.007536,0.000000,-0.629805,0.182793,-11.841260,-0.004523,0.002426,0.000000,-0.032127,-0.081692,-21.376687,-0.029850,0.016013,0.000000,68371.393216,0.793947,0.000018,347.220687,5.000000,5.000000,106.845215,11.859405,35.978424,70.321980,32.989418,-106.964018,35.978424,15.918198,4425.107699,0.087782,21.376687,0.002593,57079.502524,313501.916088,370581.418613,-0.000000,-2283.996695
16.200000,684.481098,-95.293412,3255.078596,35.404497,-3.784217,93.584293,0.696588,-0.078494,0.141745,-0.698936,-0.030212,0.008670,0.000000,-0.581787,0.167175,-11.567279,-0.007070,0.000799,0.000000,-0.019964,-0.103942,-18.617535,-0.046664,0.005271,0.000000,67864.055225,0.788055,0.000018,347.220687,5.000000,5.000000,100.129010,11.583107,35.606161,69.169604,32.989397,-106.963664,35.606161,15.927288,3845.558162,0.105839,18.617535,0.003260,50129.096204,319214.165182,369343.261386,-0.000000,-1864.155310
16.800000,705.621901,-97.534578,3309.162164,35.069564,-3.687490,86.718915,0.695404,-0.083335,0.150420,-0.697741,-0.034350,0.009807,0.000000,-0.535031,0.155431,-11.321836,-0.006504,0.002986,0.000000,-0.038181,-0.101991,-16.143383,-0.042928,0.019711,0.000000,67395.728536,0.782617,0.000018,347.220687,5.000000,5.000000,93.614327,11.335537,35.262897,67.871648,32.989377,-106.963314,35.262897,15.916789,3326.051969,0.108899,16.143383,0.004211,43818.215116,324517.951319,368336.166435,0.000000,-1511.251880
17.400000,726.569848,-99.719922,3359.169171,34.761014,-3.598358,79.993245,0.693967,-0.088752,0.160271,-0.696308,-0.039163,0.011154,0.000000,-0.494048,0.141974,-11.101092,-0.009620,0.001733,0.000000,-0.028869,-0.129739,-13.927108,-0.063492,0.011439,0.000000,66965.033917,0.777616,0.000018,347.220687,5.000000,5.000000,87.293732,11.112987,34.946764,66.400858,32.989357,-106.962968,34.946764,15.927434,2861.068898,0.132911,13.927108,0.005472,38100.983334,329421.963536,367522.946870,-0.000000,-1215.749216
18.000000,747.339963,-101.853999,3405.179055,34.476732,-3.516230,73.392795,0.692215,-0.095027,0.171525,-0.694540,-0.045053,0.012839,0.000000,-0.453965,0.131869,-10.904051,-0.010002,0.003801,0.000000,-0.046401,-0.136040,-11.948043,-0.066016,0.025085,0.000000,66570.736476,0.773037,0.000018,347.220687,5.000000,5.000000,81.163485,10.914294,34.655576,64.723640,32.989338,-106.962624,34.655576,15.916938,2445.852446,0.143733,11.948043,0.007242,32937.563655,333933.991783,366871.555439,0.000000,-969.744806
18.600000,767.946466,-103.940691,3447.262887,34.215153,-3.440570,66.904405,0.690041,-0.102157,0.184473,-0.692370,-0.052031,0.014934,0.000000,-0.418639,0.120336,-10.727135,-0.013649,0.003068,0.000000,-0.041620,-0.168803,-10.181988,-0.090084,0.020246,0.000000,66211.732855,0.768868,0.000018,347.220687,5.000000,5.000000,75.224421,10.735975,34.387704,62.797622,32.989319,-106.962282,34.387704,15.926869,2076.315713,0.173858,10.181988,0.009670,28293.577329,338061.005921,366354.583251,-0.000000,-765.934139
19.200000,788.402261,-105.983944,3485.484365,33.974246,-3.371177,60.516359,0.687322,-0.110494,0.199466,-0.689632,-0.060985,0.017218,0.000000,-0.384482,0.111430,-10.569475,-0.015854,0.005003,0.000000,-0.058135,-0.190910,-8.612475,-0.104638,0.033020,0.000000,65887.037735,0.765098,0.000018,347.220687,5.000000,5.000000,69.482688,10.577053,34.141093,60.569915,32.989301,-106.961944,34.141093,15.919706,1748.941627,0.199565,8.612475,0.013252,24139.232661,341809.252508,365948.485169,-0.000000,-598.417876
19.800000,808.719523,-107.987124,3519.900326,33.753089,-3.306992,54.217633,0.683858,-0.120189,0.216976,-0.686158,-0.071481,0.020595,0.000000,-0.353502,0.102239,-10.428914,-0.019823,0.005777,0.000000,-0.066007,-0.227250,-7.225434,-0.130830,0.038131,0.000000,65595.775149,0.761715,0.000018,347.220687,5.000000,5.000000,63.951223,10.435404,33.914705,57.972824,32.989283,-106.961607,33.914705,15.920575,1460.702716,0.236642,7.225434,0.018261,20448.813012,345184.305285,365633.118297,-0.000000,-462.075327
20.400000,828.909453,-109.953464,3550.561416,33.549473,-3.248363,47.998569,0.679387,-0.131547,0.237553,-0.681685,-0.085091,0.024207,0.000000,-0.325497,0.093560,-10.303853,-0.025541,0.006653,0.000000,-0.074385,-0.278803,-6.008995,-0.168573,0.043912,0.000000,65337.169057,0.758712,0.000018,347.220687,5.000000,5.000000,58.651356,10.309418,33.706364,54.922055,32.989265,-106.961273,33.706364,15.927441,1208.996964,0.288555,6.008995,0.025827,17199.933720,348191.131144,365391.064864,-0.000000,-352.435677
21.000000,848.982171,-111.886069,3577.512694,33.362253,-3.194324,41.850051,0.673534,-0.145095,0.261919,-0.675792,-0.102034,0.028980,0.000000,-0.298934,0.086702,-10.193500,-0.031123,0.009334,0.000000,-0.097691,-0.329950,-4.953266,-0.205409,0.061604,0.000000,65110.535137,0.756081,0.000018,347.220687,5.000000,5.000000,53.615953,10.198251,33.514827,51.311164,32.989248,-106.960941,33.514827,15.918983,991.596390,0.344108,4.953266,0.037127,14373.389072,350834.148629,365207.537701,-0.000000,-265.574077
21.600000,868.947178,-113.787473,3600.793933,33.190129,-3.144393,35.763842,0.665729,-0.161167,0.290946,-0.667965,-0.122976,0.035221,0.000000,-0.275330,0.079695,-10.095829,-0.039169,0.011360,0.000000,-0.116157,-0.401582,-4.050128,-0.258518,0.074977,0.000000,64915.275483,0.753813,0.000018,347.220687,5.000000,5.000000,48.892988,10.099897,33.338744,47.009923,32.989230,-106.960610,33.338744,15.920113,806.605364,0.418043,4.050128,0.054000,11952.675148,353117.258214,365069.933361,0.000000,-198.022869
22.200000,888.812999,-115.660170,3620.440333,33.031399,-3.098586,29.732786,0.655184,-0.180335,0.325625,-0.657402,-0.149434,0.042693,0.000000,-0.254031,0.073161,-10.009510,-0.049219,0.013728,0.000000,-0.137439,-0.490463,-3.293062,-0.324844,0.090606,0.000000,64750.870338,0.751904,0.000018,347.220687,5.000000,5.000000,44.550117,10.013001,33.176415,41.866773,32.989214,-106.960281,33.176415,15.924971,652.421537,0.509356,3.293062,0.079706,9923.645056,355043.911903,364967.556959,0.000000,-146.706293
22.800000,908.587333,-117.506505,3636.482993,32.885069,-3.056426,23.750330,0.640775,-0.203276,0.367030,-0.642939,-0.182181,0.051882,0.000000,-0.233851,0.067463,-9.933690,-0.059988,0.016986,0.000000,-0.166167,-0.586253,-2.677010,-0.395922,0.112106,0.000000,64616.872239,0.750348,0.000018,347.220687,5.000000,5.000000,40.679818,9.936671,33.026800,35.720777,32.989197,-106.959954,33.026800,15.923952,527.705277,0.609348,2.677010,0.118409,8274.356867,356617.159471,364891.516338,0.000000,-108.900281
23.400000,928.277475,-119.328546,3648.949228,32.750730,-3.017603,17.810378,0.620942,-0.230488,0.416108,-0.623022,-0.221346,0.063071,0.000000,-0.213892,0.061893,-9.867819,-0.070331,0.020196,0.000000,-0.194942,-0.679734,-2.198227,-0.464182,0.133295,0.000000,64512.901739,0.749141,0.000018,347.220687,5.000000,5.000000,37.402217,9.870331,32.889455,28.436530,32.989181,-106.959628,32.889455,15.921557,431.353200,0.707135,2.198227,0.174808,6994.803846,357839.679510,364834.483356,-0.000000,-82.218559
24.000000,947.890645,-121.128321,3657.862721,32.628595,-2.982249,11.906763,0.593699,-0.262144,0.473245,-0.595683,-0.265877,0.075865,0.000000,-0.192946,0.055858,-9.812974,-0.077037,0.022127,0.000000,-0.213824,-0.745273,-1.854101,-0.508446,0.146037,0.000000,64438.644796,0.748278,0.000018,347.220687,5.000000,5.000000,34.861010,9.815029,32.764600,19.971303,32.989164,-106.959303,32.764600,15.921077,362.476020,0.775340,1.854101,0.252273,6076.702247,358713.794563,364790.496810,-0.000000,-64.635815
24.600000,967.434389,-122.908003,3663.243089,32.519444,-2.950677,6.031763,0.556898,-0.297760,0.537568,-0.558770,-0.311732,0.088995,0.000000,-0.170815,0.049371,-9.773500,-0.073236,0.020916,0.000000,-0.207752,-0.727474,-1.642883,-0.483359,0.138048,0.000000,64393.855287,0.747758,0.000018,347.220687,5.000000,5.000000,33.205469,9.775117,32.653036,10.465856,32.989148,-106.958979,32.653036,15.921646,320.382753,0.756595,1.642883,0.346821,5513.361211,359241.428352,364754.789563,0.000000,-54.552676
25.200000,986.916538,-124.669886,3665.104294,32.422955,-2.922827,0.173881,0.509079,-0.335659,0.606016,-0.510805,-0.349433,0.099714,0.000000,-0.152231,0.043918,-9.757421,-0.047686,0.013518,0.000000,-0.151770,-0.534381,-1.563339,-0.314727,0.089220,0.000000,64378.367334,0.747579,0.000018,347.220687,5.000000,5.000000,32.554896,9.758707,32.554430,0.306025,32.989133,-106.958657,32.554430,15.921940,304.570905,0.556133,1.563339,0.435752,5299.541405,359423.950231,364723.491635,0.000000,-50.894317
25.800000,1006.343368,-126.415814,3663.451935,32.333292,-2.896972,-5.683081,0.451280,-0.372587,0.672686,-0.452809,-0.362143,0.103275,0.000000,-0.151295,0.043629,-9.770352,0.011340,-0.003339,0.000000,-0.018218,-0.066836,-1.614367,0.074847,-0.022035,0.000000,64392.117234,0.747738,0.000018,347.220687,5.000000,5.000000,32.956514,9.771621,32.462813,-9.929817,32.989117,-106.958335,32.462813,15.921976,314.711195,0.040909,1.614367,0.467982,5431.126155,359261.909142,364693.035297,-0.000000,-53.203883
26.400000,1025.714725,-128.145735,3658.281768,32.234622,-2.868478,-11.553620,0.389373,-0.404165,0.729681,-0.390677,-0.329920,0.094068,0.000000,-0.183575,0.053008,-9.797346,0.097998,-0.027985,0.000000,0.181987,0.637050,-1.794569,0.646788,-0.184700,0.000000,64435.155486,0.748238,0.000018,347.220687,5.000000,5.000000,34.362555,9.799209,32.362000,-19.647171,32.989101,-106.958014,32.362000,15.922478,350.595780,0.662226,1.794569,0.388397,5904.314369,358754.889021,364659.203389,0.000000,-61.665963
27.000000,1045.019423,-129.856399,3649.585535,32.109357,-2.832278,-17.433300,0.334060,-0.426859,0.770637,-0.335162,-0.249208,0.071061,0.000000,-0.232379,0.067200,-9.791209,0.159649,-0.045450,0.000000,0.330416,1.160818,-2.102025,1.053681,-0.299972,0.000000,64507.598473,0.749079,0.000018,347.220687,5.000000,5.000000,36.646318,9.794197,32.234029,-28.406085,32.989086,-106.957695,32.234029,15.923391,412.061645,1.206925,2.102025,0.221610,6714.984642,357902.079853,364617.064496,0.000000,-77.031466
27.600000,1064.241795,-131.543259,3637.366916,31.964543,-2.790393,-23.286932,0.294130,-0.440483,0.795233,-0.295100,-0.160360,0.045782,0.000000,-0.238702,0.069038,-9.706750,0.114352,-0.032518,0.000000,0.236616,0.832421,-2.534413,0.754725,-0.214621,0.000000,64609.495710,0.750262,0.000018,347.220687,5.000000,5.000000,39.645927,9.709930,32.086107,-35.970782,32.989071,-106.957376,32.086107,15.923447,498.946287,0.865762,2.534413,0.091778,7859.089368,356703.842672,364562.932040,0.000000,-100.479140
28.200000,1083.380044,-133.205795,3621.655610,31.834542,-2.752827,-29.070169,0.266069,-0.448804,0.810267,-0.266964,-0.130733,0.037343,0.000000,-0.191898,0.055394,-9.570009,-0.016671,0.004695,0.000000,-0.060578,-0.213973,-3.088552,-0.110031,0.030985,0.000000,64740.711734,0.751786,0.000018,347.220687,5.000000,5.000000,43.198273,9.572093,31.953342,-42.294962,32.989056,-106.957060,31.953342,15.921924,610.929109,0.205160,3.088552,0.061002,9330.514983,355163.089869,364493.604851,0.000000,-133.420115
28.800000,1102.447497,-134.847894,3602.497197,31.722894,-2.720629,-34.783373,0.236716,-0.456485,0.824138,-0.237517,-0.156142,0.044516,0.000000,-0.200902,0.057917,-9.491918,-0.030881,0.008652,0.000000,-0.099718,-0.354068,-3.760355,-0.203814,0.057101,0.000000,64901.008847,0.753648,0.000018,347.220687,5.000000,5.000000,47.155349,9.494221,31.839344,-47.530229,32.989041,-106.956744,31.839344,15.921388,747.469258,0.367780,3.760355,0.086995,11118.221558,353284.291380,364402.512938,0.000000,-177.320840
29.400000,1121.438971,-136.468074,3579.919401,31.570348,-2.676582,-40.474847,0.205022,-0.463660,0.837082,-0.205697,-0.131486,0.037457,0.000000,-0.312332,0.090295,-9.477043,0.116268,-0.033072,0.000000,0.238228,0.837664,-4.546843,0.767371,-0.218276,0.000000,65090.328081,0.755846,0.000018,347.220687,5.000000,5.000000,51.401013,9.482618,31.683607,-51.946251,32.989026,-106.956429,31.683607,15.923775,908.196770,0.871467,4.546843,0.061683,13210.382578,351070.165980,364280.548558,0.000000,-233.712329
30.000000,1140.321863,-138.056867,3553.933216,31.372959,-2.619489,-46.134386,0.185382,-0.467540,0.844085,-0.185989,-0.058908,0.016849,0.000000,-0.309064,0.089379,-9.364049,0.069463,-0.019690,0.000000,0.144625,0.510641,-5.445684,0.458455,-0.129955,0.000000,65308.780611,0.758383,0.000018,347.220687,5.000000,5.000000,55.852537,9.369574,31.482126,-55.690355,32.989012,-106.956117,31.482126,15.924225,1092.818553,0.535165,5.445684,0.012388,15597.541621,348521.791714,364119.333336,-0.000000,-304.155273
30.600000,1159.096726,-139.614429,3524.577916,31.219077,-2.575055,-51.699748,0.172870,-0.469789,0.848152,-0.173453,-0.075521,0.021559,0.000000,-0.226387,0.065259,-9.200379,-0.087916,0.024892,0.000000,-0.219532,-0.774814,-6.453952,-0.580245,0.164285,0.000000,65556.269275,0.761257,0.000018,347.220687,5.000000,5.000000,60.449364,9.203395,31.325096,-58.788151,32.988998,-106.955806,31.325096,15.921552,1300.867818,0.805870,6.453952,0.020356,18270.648420,345643.020161,363913.668581,-0.000000,-390.137298
31.200000,1177.781691,-141.146055,3491.906066,31.049343,-2.526069,-57.201822,0.153538,-0.472945,0.853846,-0.154045,-0.085970,0.024480,0.000000,-0.363651,0.105107,-9.148212,0.085983,-0.024449,0.000000,0.172772,0.607745,-7.568122,0.567491,-0.161360,0.000000,65832.611506,0.764466,0.000018,347.220687,5.000000,5.000000,65.134408,9.156041,31.151929,-61.427430,32.988984,-106.955496,31.151929,15.923555,1531.705567,0.634327,7.568122,0.026367,21212.482191,342439.006219,363651.488410,-0.000000,-492.945178
31.800000,1196.341763,-142.641590,3455.944416,30.819986,-2.459747,-62.655674,0.141873,-0.474658,0.856939,-0.142341,-0.029725,0.008523,0.000000,-0.343247,0.099200,-9.003850,0.018689,-0.005279,0.000000,0.033461,0.118939,-8.785751,0.123351,-0.034841,0.000000,66137.868958,0.768010,0.000018,347.220687,5.000000,5.000000,69.868844,9.010937,30.917987,-63.735564,32.988971,-106.955189,30.917987,15.923597,1784.876300,0.126127,8.785751,0.003155,24408.279990,338912.373077,363320.653067,0.000000,-613.850301
32.400000,1214.778835,-144.101583,3416.741731,30.640139,-2.407842,-68.004402,0.132473,-0.475935,0.859246,-0.132917,-0.064477,0.018370,0.000000,-0.317740,0.091685,-8.850803,-0.044715,0.012621,0.000000,-0.122257,-0.432457,-10.103714,-0.295119,0.083299,0.000000,66471.942361,0.771890,0.000018,347.220687,5.000000,5.000000,74.627170,8.856980,30.734603,-65.679401,32.988958,-106.954884,30.734603,15.922037,2059.745687,0.446528,10.103714,0.014832,27846.087362,335067.902923,362913.990285,-0.000000,-754.011570
33.000000,1233.094993,-145.526666,3374.350575,30.400725,-2.338655,-73.289300,0.120463,-0.477437,0.861956,-0.120858,-0.031420,0.008976,0.000000,-0.432035,0.124930,-8.744061,0.084092,-0.023826,0.000000,0.180483,0.637328,-11.518702,0.555007,-0.157249,0.000000,66834.723213,0.776102,0.000018,347.220687,5.000000,5.000000,79.378807,8.755619,30.490546,-67.411225,32.988945,-106.954581,30.490546,15.924102,2355.615898,0.661245,11.518702,0.003524,31504.978252,330910.750658,362415.728910,-0.000000,-914.340840
33.600000,1251.265412,-146.909627,3328.815390,30.178144,-2.274366,-78.474773,0.114466,-0.478131,0.863209,-0.114850,-0.041716,0.011897,0.000000,-0.344089,0.099283,-8.552439,-0.067596,0.019126,0.000000,-0.169035,-0.596968,-13.027797,-0.446133,0.126235,0.000000,67226.194762,0.780648,0.000018,347.220687,5.000000,5.000000,84.108163,8.559934,30.263726,-68.910911,32.988932,-106.954280,30.263726,15.921918,2671.825277,0.620179,13.027797,0.006210,35370.921409,326445.274436,361816.195844,-0.000000,-1095.744050
34.200000,1269.301131,-148.253694,3280.197841,29.926512,-2.201670,-83.571730,0.105100,-0.479144,0.865037,-0.105446,-0.027325,0.007799,0.000000,-0.466099,0.134753,-8.425435,0.073047,-0.020697,0.000000,0.155355,0.548582,-14.627518,0.482110,-0.136600,0.000000,67646.213137,0.785526,0.000018,347.220687,5.000000,5.000000,88.795707,8.439393,30.007390,-70.248741,32.988920,-106.953981,30.007390,15.923794,3007.553285,0.569190,14.627518,0.002665,39423.390289,321677.521595,361100.911884,-0.000000,-1298.860825
34.800000,1287.179574,-149.552313,3228.550749,29.677169,-2.129646,-88.564821,0.100009,-0.479656,0.865963,-0.100344,-0.034302,0.009779,0.000000,-0.398845,0.115131,-8.227830,-0.046915,0.013267,0.000000,-0.120774,-0.426683,-16.317780,-0.309640,0.087561,0.000000,68094.729530,0.790734,0.000018,347.220687,5.000000,5.000000,93.429103,8.238296,29.753483,-71.430149,32.988908,-106.953685,29.753483,15.922190,3362.011509,0.444993,16.317780,0.004198,43644.990409,316612.672038,360257.662448,-0.000000,-1524.555557
35.400000,1304.905635,-150.806922,3173.939254,29.400105,-2.049593,-93.457864,0.093138,-0.480308,0.867139,-0.093446,-0.018392,0.005260,0.000000,-0.478319,0.138236,-8.067050,0.034231,-0.009689,0.000000,0.069556,0.246028,-18.091551,0.225923,-0.063949,0.000000,68571.605748,0.796271,0.000018,347.220687,5.000000,5.000000,97.994589,8.082400,29.471461,-72.497597,32.988897,-106.953392,29.471461,15.923338,3734.288113,0.260830,18.091551,0.001208,48014.698358,311257.113807,359271.812164,0.000000,-1772.874124
36.000000,1322.464717,-152.013288,3116.425290,29.131241,-1.971943,-98.235886,0.088242,-0.480743,0.867925,-0.088536,-0.030193,0.008600,0.000000,-0.473230,0.136694,-7.873769,0.003479,-0.001009,0.000000,-0.005962,-0.021442,-19.945309,0.022961,-0.006659,0.000000,69076.746734,0.802137,0.000018,347.220687,5.000000,5.000000,102.483204,7.889161,29.197906,-73.446871,32.988886,-106.953101,29.197906,15.922698,4123.472802,0.017280,19.945309,0.003252,52514.038555,305616.920694,358130.959249,0.000000,-2044.059196
36.600000,1339.853688,-153.170513,3056.077107,28.832885,-1.885735,-102.904607,0.083564,-0.481136,0.868635,-0.083842,-0.016583,0.004741,0.000000,-0.473959,0.136888,-7.675274,-0.022285,0.006314,0.000000,-0.058738,-0.207050,-21.874805,-0.147078,0.041672,0.000000,69610.015741,0.808330,0.000018,347.220687,5.000000,5.000000,106.884280,7.691112,28.894485,-74.315841,32.988876,-106.952813,28.894485,15.922640,4528.577860,0.216667,21.874805,0.000982,57121.247777,299698.785583,356820.033360,-0.000000,-2338.072829
37.200000,1357.066534,-154.276861,2992.964630,28.535522,-1.799840,-107.451661,0.078792,-0.481516,0.869320,-0.079054,-0.018731,0.005343,0.000000,-0.531203,0.153504,-7.483717,0.032910,-0.009324,0.000000,0.065038,0.229786,-23.875661,0.217204,-0.061539,0.000000,70171.272639,0.814847,0.000018,347.220687,5.000000,5.000000,111.190714,7.504116,28.592226,-75.099228,32.988866,-106.952528,28.592226,15.923111,4948.574692,0.237022,23.875661,0.001252,61816.875336,293509.565882,355326.441218,-0.000000,-2654.751836
37.800000,1374.094682,-155.329849,2927.159761,28.227427,-1.710840,-111.876151,0.075101,-0.481793,0.869821,-0.075352,-0.020505,0.005844,0.000000,-0.520035,0.150213,-7.269235,-0.004493,0.001260,0.000000,-0.021115,-0.074677,-25.943325,-0.029652,0.008313,0.000000,70760.369338,0.821688,0.000018,347.220687,5.000000,5.000000,115.394921,7.289361,28.279226,-75.814341,32.988856,-106.952246,28.279226,15.922637,5382.394052,0.073144,25.943325,0.001500,66579.940320,287056.312705,353636.253025,-0.000000,-2993.727894
38.400000,1390.934200,-156.328346,2858.737841,27.904031,-1.617409,-116.175211,0.071469,-0.482054,0.870291,-0.071707,-0.014599,0.004169,0.000000,-0.529689,0.152996,-7.053808,-0.013797,0.003904,0.000000,-0.039460,-0.139188,-28.072957,-0.091061,0.025767,0.000000,71377.134510,0.828850,0.000018,347.220687,5.000000,5.000000,119.490295,7.075323,27.950867,-76.472180,32.988847,-106.951967,27.950867,15.922609,5828.914541,0.144521,28.072957,0.000761,71389.653544,280346.414457,351736.068000,0.000000,-3354.445879
39.000000,1407.579229,-157.270659,2787.775897,27.574822,-1.522306,-120.343258,0.067954,-0.482293,0.870723,-0.068180,-0.013315,0.003802,0.000000,-0.562156,0.162415,-6.837610,0.009901,-0.002803,0.000000,0.014595,0.051781,-30.259554,0.065349,-0.018502,0.000000,72021.386972,0.836331,0.000018,347.220687,5.000000,5.000000,123.471405,6.862602,27.616810,-77.075337,32.988839,-106.951691,27.616810,15.922832,6286.979287,0.047871,30.259554,0.000633,76225.940509,273387.424958,349613.365467,0.000000,-3736.189679
39.600000,1424.023770,-158.155054,2714.352944,27.238445,-1.425135,-124.377499,0.064851,-0.482494,0.871087,-0.065066,-0.014294,0.004076,0.000000,-0.577042,0.166713,-6.612635,0.011267,-0.003195,0.000000,0.016800,0.059432,-32.497884,0.074363,-0.021084,0.000000,72692.930809,0.844129,0.000018,347.220687,5.000000,5.000000,127.333130,6.639857,27.275701,-77.630968,32.988831,-106.951419,27.275701,15.922776,6755.395855,0.061337,32.497884,0.000729,81068.630956,266187.093021,347255.723977,0.000000,-4138.057264
40.200000,1440.262998,-158.980136,2638.550050,26.892609,-1.325228,-128.275537,0.062024,-0.482669,0.871403,-0.062231,-0.013661,0.003895,0.000000,-0.582688,0.168326,-6.381460,0.000946,-0.000276,0.000000,-0.006472,-0.022866,-34.782520,0.006242,-0.001819,0.000000,73391.552540,0.852242,0.000018,347.220687,5.000000,5.000000,131.070905,6.410217,26.925241,-78.145620,32.988823,-106.951150,26.925241,15.922640,7232.938685,0.022717,34.782520,0.000666,85897.911318,258753.368479,344651.279797,-0.000000,-4558.976342
40.800000,1456.292341,-159.744586,2560.449927,26.538440,-1.222912,-132.034619,0.059364,-0.482827,0.871687,-0.059562,-0.012168,0.003471,0.000000,-0.591078,0.170742,-6.146976,-0.004622,0.001302,0.000000,-0.018422,-0.065029,-37.107867,-0.030504,0.008595,0.000000,74117.022522,0.860666,0.000018,347.220687,5.000000,5.000000,134.680827,6.177688,26.566602,-78.623457,32.988817,-106.950885,26.566602,15.922575,7718.356617,0.067906,37.107867,0.000528,90694.625707,251094.362761,341788.988468,0.000000,-4997.718217
41.400000,1472.107361,-160.447121,2480.136721,26.177253,-1.118569,-135.652320,0.056858,-0.482969,0.871944,-0.057048,-0.010853,0.003097,0.000000,-0.602691,0.174101,-5.909750,-0.004546,0.001285,0.000000,-0.017671,-0.062279,-39.468144,-0.030005,0.008478,0.000000,74869.094706,0.869400,0.000018,347.220687,5.000000,5.000000,138.159515,5.942954,26.201140,-79.067984,32.988810,-106.950623,26.201140,15.922564,8210.377101,0.064817,39.468144,0.000420,95440.258287,243218.327784,338658.586072,0.000000,-5452.899691
42.000000,1487.703923,-161.086546,2397.695836,25.809719,-1.012393,-139.126699,0.054509,-0.483097,0.872174,-0.054691,-0.009876,0.002819,0.000000,-0.614491,0.177515,-5.669789,-0.002882,0.000816,0.000000,-0.013499,-0.047470,-41.857461,-0.019020,0.005387,0.000000,75647.506088,0.878439,0.000018,347.220687,5.000000,5.000000,141.504081,5.705753,25.829567,-79.482500,32.988804,-106.950365,25.829567,15.922563,8707.713338,0.049457,41.857461,0.000348,100117.024980,235133.638683,335250.663663,-0.000000,-5923.001489
42.600000,1503.078264,-161.661775,2313.213727,25.436386,-0.904542,-142.456197,0.052306,-0.483211,0.872381,-0.052480,-0.009200,0.002626,0.000000,-0.625836,0.180798,-5.427575,-0.000473,0.000136,0.000000,-0.007816,-0.027344,-44.269794,-0.003121,0.000900,0.000000,76451.976451,0.887780,0.000018,347.220687,5.000000,5.000000,144.712114,5.466528,25.452464,-79.869927,32.988799,-106.950110,25.452464,15.922557,9209.069589,0.028650,44.269794,0.000302,104707.979668,226848.773995,331556.753664,-0.000000,-6406.375537
43.200000,1518.226961,-162.171817,2226.777685,25.057742,-0.795156,-145.639627,0.050240,-0.483315,0.872568,-0.050408,-0.008700,0.002483,0.000000,-0.635528,0.183601,-5.183536,0.001050,-0.000294,0.000000,-0.004221,-0.014642,-46.699034,0.006932,-0.001944,0.000000,77282.208377,0.897421,0.000018,347.220687,5.000000,5.000000,147.781676,5.225577,25.070355,-80.232847,32.988795,-106.949859,25.070355,15.922539,9713.148775,0.014088,46.699034,0.000270,109197.118640,218372.293818,327569.412458,-0.000000,-6901.261507
43.800000,1533.146960,-162.615791,2138.475611,24.674301,-0.684384,-148.676166,0.048295,-0.483408,0.872736,-0.048456,-0.008280,0.002363,0.000000,-0.644239,0.186120,-4.938401,0.002591,-0.000732,0.000000,-0.000615,-0.001946,-49.139033,0.017099,-0.004830,0.000000,78137.887299,0.907358,0.000018,347.220687,5.000000,5.000000,150.711286,4.983722,24.683791,-80.573516,32.988791,-106.949612,24.683791,15.922509,10218.658782,0.006424,49.139033,0.000245,113569.459298,209712.818519,323282.277818,-0.000000,-7405.806821
44.400000,1547.835545,-162.992912,2048.395796,24.286534,-0.572362,-151.565370,0.046463,-0.483492,0.872889,-0.046618,-0.007754,0.002213,0.000000,-0.651029,0.188082,-4.692660,0.002842,-0.000802,0.000000,0.000171,0.000841,-51.583621,0.018756,-0.005295,0.000000,79018.681767,0.917586,0.000018,347.220687,5.000000,5.000000,153.499918,4.741337,24.293277,-80.893941,32.988787,-106.949369,24.293277,15.922478,10724.320862,0.001289,51.583621,0.000215,117811.124080,200879.006353,318690.130433,0.000000,-7918.081515
45.000000,1562.290361,-163.302499,1956.626697,23.895104,-0.459282,-154.307134,0.044735,-0.483569,0.873028,-0.044884,-0.007247,0.002068,0.000000,-0.655884,0.189485,-4.446947,0.001822,-0.000512,0.000000,-0.001904,-0.006446,-54.026638,0.012027,-0.003379,0.000000,79924.243735,0.928101,0.000018,347.220687,5.000000,5.000000,156.146977,4.499047,23.899517,-81.195826,32.988784,-106.949130,23.899517,15.922435,11228.875205,0.010650,54.026638,0.000187,121909.392953,191879.532025,313788.924978,-0.000000,-8436.096295
45.600000,1576.509410,-163.543975,1863.256718,23.500754,-0.345357,-156.901714,0.043102,-0.483639,0.873154,-0.043246,-0.006911,0.001972,0.000000,-0.658754,0.190311,-4.201879,-0.000489,0.000142,0.000000,-0.006992,-0.024427,-56.461989,-0.003230,0.000938,0.000000,80854.209016,0.938900,0.000018,347.220687,5.000000,5.000000,158.652301,4.257459,23.503292,-81.480651,32.988782,-106.948894,23.503292,15.922377,11731.089365,0.025814,56.461989,0.000170,125852.763410,182723.064911,308575.828321,0.000000,-8957.824438
46.200000,1590.491072,-163.716872,1768.373987,23.103974,-0.230731,-159.349764,0.041550,-0.483703,0.873269,-0.041689,-0.006606,0.001885,0.000000,-0.661331,0.191054,-3.958278,-0.001852,0.000528,0.000000,-0.009951,-0.034883,-58.883674,-0.012224,0.003485,0.000000,81808.197843,0.949978,0.000018,347.220687,5.000000,5.000000,161.016130,4.017689,23.105127,-81.749820,32.988781,-106.948663,23.105127,15.922329,12229.764750,0.036077,58.883674,0.000156,129630.970965,173418.247581,303049.218546,0.000000,-9481.221270
46.800000,1604.234062,-163.820818,1672.066141,22.705323,-0.115563,-161.652286,0.040073,-0.483762,0.873375,-0.040207,-0.006294,0.001797,0.000000,-0.663262,0.191611,-3.716680,-0.002764,0.000786,0.000000,-0.011872,-0.041670,-61.285831,-0.018242,0.005188,0.000000,82785.815601,0.961331,0.000018,347.220687,5.000000,5.000000,163.239109,3.780257,22.705617,-82.004564,32.988780,-106.948435,22.705617,15.922284,12723.744100,0.043299,61.285831,0.000141,133235.033660,163973.674190,297208.707850,0.000000,-10004.244517
47.400000,1617.737445,-163.855544,1574.420111,22.305401,-0.000028,-163.810624,0.038667,-0.483816,0.873472,-0.038797,-0.005987,0.001709,0.000000,-0.664130,0.191861,-3.477605,-0.003799,0.001080,0.000000,-0.014062,-0.049392,-63.662768,-0.025071,0.007125,0.000000,83786.653612,0.972953,0.000018,347.220687,5.000000,5.000000,165.322265,3.545647,22.305401,-82.245964,32.988779,-106.948212,22.305401,15.922236,13211.917278,0.051353,63.662768,0.000128,136657.257447,154397.869812,291055.127259,-0.000000,-10524.873029
48.000000,1631.000645,-163.820882,1475.521922,21.904872,0.115683,-165.826449,0.037328,-0.483865,0.873562,-0.037453,-0.005777,0.001649,0.000000,-0.663655,0.191721,-3.241568,-0.005327,0.001512,0.000000,-0.017426,-0.061296,-66.009005,-0.035159,0.009976,0.000000,84810.290017,0.984839,0.000018,347.220687,5.000000,5.000000,167.266996,3.314356,21.905177,-82.474967,32.988780,-106.947992,21.905177,15.922177,13693.227511,0.063963,66.009005,0.000119,139891.240640,144699.270564,284590.511204,0.000000,-11041.127964
48.600000,1644.023430,-163.716765,1375.456491,21.504318,0.231401,-167.701766,0.036049,-0.483911,0.873644,-0.036170,-0.005713,0.001631,0.000000,-0.662631,0.191421,-3.009181,-0.006282,0.001778,0.000000,-0.019600,-0.069090,-68.319312,-0.041462,0.011734,0.000000,85856.290787,0.996986,0.000018,347.220687,5.000000,5.000000,169.075047,3.087215,21.505563,-82.692447,32.988781,-106.947776,21.505563,15.922108,14166.676937,0.071019,68.319312,0.000116,142931.858049,134886.204010,277818.062059,0.000000,-11551.090909
49.200000,1656.805915,-163.543227,1274.307443,21.104308,0.346962,-169.438884,0.034821,-0.483953,0.873721,-0.034938,-0.005779,0.001649,0.000000,-0.662329,0.191330,-2.781066,-0.004985,0.001403,0.000000,-0.016805,-0.059436,-70.588739,-0.032900,0.009259,0.000000,86924.210790,1.009387,0.000018,347.220687,5.000000,5.000000,170.748492,2.865243,21.107160,-82.899190,32.988782,-106.947565,21.107160,15.922040,14631.331159,0.062124,70.588739,0.000119,145775.237792,124966.870814,270742.108607,0.000000,-12052.920716
49.800000,1669.348534,-163.300392,1172.156923,20.705228,0.462254,-171.040421,0.033640,-0.483993,0.873792,-0.033753,-0.005779,0.001648,0.000000,-0.662993,0.191523,-2.557693,-0.001202,0.000325,0.000000,-0.008367,-0.029837,-72.812653,-0.007936,0.002146,0.000000,88013.594971,1.022037,0.000018,347.220687,5.000000,5.000000,172.289715,2.649157,20.710387,-83.095965,32.988784,-106.947357,20.710387,15.921992,15086.324194,0.029918,72.812653,0.000119,148418.728921,114949.326873,263368.055794,0.000000,-12544.871196
50.400000,1681.652042,-162.988479,1069.085438,20.307404,0.577184,-172.509264,0.032502,-0.484029,0.873858,-0.032610,-0.005447,0.001549,0.000000,-0.664506,0.192110,-2.339463,0.004873,-0.001206,0.000000,0.004019,0.019135,-74.986769,0.032163,-0.007961,0.000000,89123.979547,1.034931,0.000018,347.220687,5.000000,5.000000,173.701382,2.439582,20.315605,-83.283481,32.988787,-106.947153,20.315605,15.922683,15530.860726,0.015631,74.986769,0.000106,150860.850217,104841.467073,255702.317290,0.000000,-13025.305462
51.000000,1693.717461,-162.607781,965.171697,19.911295,0.691632,-173.848534,0.031426,-0.484063,0.873919,-0.031531,-0.004638,0.001337,0.000000,-0.659535,0.190543,-2.126060,0.002946,-0.000841,0.000000,0.001780,0.006404,-77.107158,0.019442,-0.005551,0.000000,90254.893247,1.048064,0.000018,347.220687,5.000000,5.000000,174.986430,2.234150,19.923303,-83.462339,32.988791,-106.946954,19.923303,15.922075,15964.219718,0.006443,77.107158,0.000077,153101.253501,94651.010198,247752.263698,0.000000,-13492.706338
51.600000,1705.546198,-162.158706,860.492594,19.518116,0.805215,-175.061509,0.030395,-0.484094,0.873974,-0.030497,-0.004484,0.001285,0.000000,-0.653453,0.188754,-1.918389,0.000902,-0.000299,0.000000,-0.002424,-0.009562,-79.170236,0.005954,-0.001971,0.000000,91405.857248,1.061429,0.000018,347.220687,5.000000,5.000000,176.148054,2.035398,19.534718,-83.632834,32.988795,-106.946758,19.534718,15.921814,16385.756419,0.009728,79.170236,0.000072,155140.685341,84385.496947,239526.182288,0.000000,-13945.683063
52.200000,1717.139891,-161.641728,755.122562,19.127910,0.917944,-176.151767,0.029401,-0.484123,0.874027,-0.029500,-0.004331,0.001239,0.000000,-0.647653,0.187069,-1.716889,0.000279,-0.000133,0.000000,-0.003650,-0.014239,-81.172799,0.001842,-0.000879,0.000000,92576.392171,1.075021,0.000018,347.220687,5.000000,5.000000,177.189629,1.844494,19.149923,-83.795590,32.988799,-106.946566,19.149923,15.921694,16794.901058,0.014699,81.172799,0.000067,156980.822609,74052.226767,231033.049376,0.000000,-14382.978160
52.800000,1728.500484,-161.057406,649.134666,18.741215,1.029660,-177.123057,0.028445,-0.484150,0.874075,-0.028541,-0.004204,0.001201,0.000000,-0.641457,0.185302,-1.521769,0.000120,-0.000057,0.000000,-0.004190,-0.015304,-83.112096,0.000793,-0.000378,0.000000,93766.006028,1.088835,0.000018,347.220687,5.000000,5.000000,178.114768,1.661802,18.769479,-83.951022,32.988804,-106.946378,18.769479,15.921750,17191.167339,0.015866,83.112096,0.000063,158624.353340,63658.364737,222282.718078,0.000000,-14803.491650
53.400000,1739.630215,-160.406388,542.599417,18.358370,1.140264,-177.979287,0.027523,-0.484175,0.874121,-0.027616,-0.004111,0.001173,0.000000,-0.634990,0.183453,-1.333262,0.000522,-0.000146,0.000000,-0.003460,-0.012038,-84.985824,0.003448,-0.000964,0.000000,94974.207388,1.102865,0.000018,347.220687,5.000000,5.000000,178.927239,1.488105,18.393748,-84.099561,32.988810,-106.946193,18.393748,15.921792,17574.144543,0.012525,84.985824,0.000060,160074.783715,53210.825731,213285.609446,0.000000,-15206.278836
54.000000,1750.531492,-159.689369,435.584997,17.979685,1.249667,-178.724500,0.026636,-0.484198,0.874163,-0.026725,-0.003964,0.001131,0.000000,-0.627360,0.181248,-1.151483,0.000183,-0.000051,0.000000,-0.004120,-0.014413,-86.792094,0.001205,-0.000337,0.000000,96200.503284,1.117106,0.000018,347.220687,5.000000,5.000000,179.630949,1.323762,18.023061,-84.241606,32.988817,-106.946013,18.023061,15.921728,17943.498520,0.014990,86.792094,0.000056,161336.388673,42716.296099,204052.684771,0.000000,-15590.546205
54.600000,1761.206873,-158.907087,328.154259,17.605608,1.357739,-179.362641,0.025779,-0.484220,0.874202,-0.025866,-0.003818,0.001089,0.000000,-0.619439,0.178958,-0.976669,0.000250,-0.000073,0.000000,-0.003853,-0.013542,-88.529225,0.001652,-0.000480,0.000000,97444.434561,1.131550,0.000018,347.220687,5.000000,5.000000,180.229736,1.170304,17.657885,-84.377466,32.988824,-106.945836,17.657885,15.921667,18298.937157,0.014079,88.529225,0.000052,162413.788810,32180.939643,194594.728454,0.000000,-15955.598767
55.200000,1771.659268,-158.060383,220.370768,17.236492,1.464379,-179.897953,0.024953,-0.484240,0.874239,-0.025037,-0.003691,0.001053,0.000000,-0.610878,0.176487,-0.808904,0.000209,-0.000059,0.000000,-0.003885,-0.013591,-90.196073,0.001378,-0.000387,0.000000,98705.504005,1.146194,0.000018,347.220687,5.000000,5.000000,180.727736,1.028902,17.298585,-84.507453,32.988831,-106.945663,17.298585,15.921621,18640.273654,0.014135,90.196073,0.000049,163312.573174,21610.989906,184923.563080,0.000000,-16300.931973
55.800000,1781.891629,-157.150111,112.295909,16.872649,1.569496,-180.334701,0.024155,-0.484259,0.874273,-0.024237,-0.003562,0.001016,0.000000,-0.601864,0.173883,-0.648279,0.000236,-0.000067,0.000000,-0.003726,-0.013067,-91.791841,0.001558,-0.000445,0.000000,99983.233904,1.161032,0.000018,347.220687,5.000000,5.000000,181.129109,0.901528,16.945490,-84.631857,32.988839,-106.945494,16.945490,15.921561,18967.385962,0.013588,91.791841,0.000045,164038.770366,11012.466759,175051.237124,0.000000,-16626.174639
56.400000,1791.906795,-156.177089,3.986996,16.514391,1.672999,-180.676992,0.023385,-0.484277,0.874306,-0.023463,-0.003442,0.000982,0.000000,-0.592320,0.171126,-0.494832,0.000177,-0.000050,0.000000,-0.003779,-0.013242,-93.316076,0.001170,-0.000333,0.000000,101277.349855,1.176059,0.000018,347.220687,5.000000,5.000000,181.437869,0.790616,16.598921,-84.750930,32.988848,-106.945328,16.598921,15.921507,19280.217816,0.013771,93.316076,0.000042,164598.504416,390.990760,164989.495176,0.000000,-16931.072751
